0 0.6156250000000002 0.834375 0.4859375000000002 0.834375 0.4859375000000002 0.9984375 0.6156250000000002 0.9984375
0 0.7250000000000002 0.75 0.6203125000000002 0.75 0.6203125000000002 0.8765625 0.7250000000000002 0.8765625
0 0.753125 0.6000000000000001 0.5734375 0.6 0.5734375 0.6953125000000001 0.753125 0.6953125000000002
0 0.4718750000000001 0.6625 0.37187500000000007 0.6625 0.37187500000000007 0.73125 0.47187500000000016 0.73125
0 0.490625 0.53125 0.4234375 0.53125 0.4234375 0.56875 0.490625 0.56875
0 0.4359375 0.571875 0.403125 0.571875 0.403125 0.6015625 0.4359375 0.6015625
0 0.525 0.5578125 0.496875 0.5578125 0.496875 0.5828125 0.525 0.5828125
0 0.6734375 0.5421875 0.50625 0.5421875 0.50625 0.6203125 0.6734375 0.6203125
0 0.7046875 0.46875 0.640625 0.46875 0.640625 0.509375 0.7046875 0.509375
0 0.428125 0.4828125 0.2484375000000001 0.4828125 0.2484375000000001 0.6515625 0.428125 0.6515625
0 0.50625 0.45 0.4484375 0.45 0.4484375 0.471875 0.50625 0.471875
0 0.5765625 0.3671875000000001 0.50625 0.3671875000000001 0.50625 0.403125 0.5765625 0.403125
0 0.4796875 0.3890625000000001 0.3671875000000001 0.3890625000000001 0.3671875000000001 0.4234375 0.4796875 0.4234375
0 0.4890625 0.32500000000000007 0.3953125 0.32500000000000007 0.39531250000000007 0.3734375000000001 0.4890625 0.3734375000000001
0 0.5703125 0.3062500000000001 0.51875 0.3062500000000001 0.51875 0.3265625000000001 0.5703125 0.3265625000000001