0 0.8015625 0.6937500000000001 0.471875 0.69375 0.4718750000000001 0.9171875 0.8015625 0.9171875
0 0.6078125 0.421875 0.38750000000000007 0.421875 0.38750000000000007 0.525 0.6078125 0.525
0 0.9984375 0.3500000000000001 0.8625 0.3500000000000001 0.8625 0.41406250000000017 0.9984375 0.41406250000000017
0 0.790625 0.28593750000000007 0.6859375 0.28593750000000007 0.6859375 0.33281250000000007 0.790625 0.33281250000000007
0 0.6390625 0.2578125000000001 0.5765625 0.2578125000000001 0.5765625 0.3109375000000001 0.6390625 0.3109375000000001
0 0.4921875 0.2640625000000001 0.4140625 0.2640625000000001 0.4140625 0.2875000000000001 0.4921875 0.2875000000000001
0 0.509375 0.2328125000000001 0.4125 0.2328125000000001 0.4125 0.25468750000000007 0.509375 0.25468750000000007
0 0.15312500000000004 0.3625 0.0031250000000000444 0.3625 0.0031250000000000487 0.4359375 0.15312500000000004 0.4359375
0 0.09687500000000003 0.26875 0.006250000000000033 0.26875 0.006250000000000036 0.309375 0.09687500000000004 0.309375
0 0.17812500000000003 0.2234375 0.10312500000000005 0.2234375 0.10312500000000005 0.25625 0.17812500000000003 0.25625
0 0.2125 0.17968750000000003 0.15625 0.1796875 0.15625000000000003 0.20625 0.2125 0.20625
0 0.23125 0.15000000000000005 0.1890625 0.15000000000000005 0.1890625 0.17500000000000004 0.23125 0.17500000000000004
0 0.4484375 0.12031250000000004 0.3734375 0.12031250000000004 0.3734375 0.14531250000000004 0.4484375 0.14531250000000004