0 0.5281250000000001 0.69375 0.1984375000000001 0.69375 0.1984375000000001 0.9171875 0.5281250000000002 0.9171875
0 0.6125 0.421875 0.3921875000000001 0.421875 0.3921875000000001 0.525 0.6125 0.525
0 0.13906250000000003 0.35 0.003125000000000043 0.35 0.003125000000000047 0.4140625 0.13906250000000003 0.4140625
0 0.3140625 0.2859375 0.209375 0.2859375 0.209375 0.3328125 0.3140625 0.3328125
0 0.425 0.25781250000000006 0.3625 0.2578125 0.3625 0.31093750000000003 0.425 0.3109375000000001
0 0.5859375 0.2640625000000001 0.5078125 0.2640625000000001 0.5078125 0.2875000000000001 0.5859375 0.2875000000000001
0 0.5890625 0.2328125000000001 0.4921875 0.2328125000000001 0.4921875 0.25468750000000007 0.5890625 0.25468750000000007
0 0.9984375 0.3625000000000001 0.8484375 0.3625000000000001 0.8484375 0.4359375000000002 0.9984375 0.4359375000000002
0 0.9953125 0.2687500000000001 0.9046875 0.2687500000000001 0.9046875 0.30937500000000007 0.9953125 0.30937500000000007
0 0.896875 0.2234375000000001 0.821875 0.2234375000000001 0.821875 0.2562500000000001 0.896875 0.2562500000000001
0 0.84375 0.17968750000000008 0.7875 0.17968750000000008 0.7875 0.2062500000000001 0.84375 0.2062500000000001
0 0.8125 0.15000000000000008 0.7703125 0.15000000000000008 0.7703125 0.1750000000000001 0.8125 0.1750000000000001
0 0.6265625 0.12031250000000009 0.5515625 0.12031250000000009 0.5515625 0.1453125000000001 0.6265625 0.1453125000000001