0 0.07656250000000006 0.575 0.04687500000000007 0.575 0.04687500000000007 0.5890625 0.07656250000000006 0.5890625
0 0.10468750000000009 0.603125 0.07187500000000006 0.603125 0.07187500000000006 0.61875 0.10468750000000009 0.61875
0 0.11718750000000008 0.6203125 0.09375000000000007 0.6203125 0.09375000000000007 0.6328125 0.11718750000000008 0.6328125
0 0.1453125000000001 0.6375 0.11718750000000008 0.6375 0.11718750000000008 0.653125 0.1453125000000001 0.653125
0 0.16406250000000008 0.6578125 0.1312500000000001 0.6578125 0.1312500000000001 0.678125 0.16406250000000008 0.678125
0 0.2093750000000001 0.684375 0.17187500000000008 0.684375 0.17187500000000008 0.7046875 0.2093750000000001 0.7046875
0 0.24375000000000008 0.7125 0.21093750000000008 0.7125 0.21093750000000008 0.746875 0.24375000000000008 0.746875
0 0.2953125000000001 0.7359375 0.2562500000000001 0.7359375 0.2562500000000001 0.7703125 0.2953125000000001 0.7703125
0 0.15937500000000004 0.5296875 0.13437500000000005 0.5296875 0.13437500000000005 0.540625 0.15937500000000004 0.540625
0 0.17968750000000006 0.54375 0.15468750000000003 0.54375 0.15468750000000006 0.55625 0.17968750000000008 0.55625
0 0.17968750000000008 0.5625 0.15000000000000008 0.5625 0.15000000000000008 0.578125 0.17968750000000008 0.578125
0 0.19531250000000008 0.5890625 0.1703125000000001 0.5890625 0.1703125000000001 0.6046875 0.19531250000000008 0.6046875
0 0.2406250000000001 0.6015625 0.2078125000000001 0.6015625 0.2078125000000001 0.6359375 0.2406250000000001 0.6359375
0 0.30156250000000007 0.634375 0.2656250000000001 0.634375 0.2656250000000001 0.6625 0.30156250000000007 0.6625
0 0.34843750000000007 0.66875 0.30156250000000007 0.66875 0.30156250000000007 0.6953125 0.34843750000000007 0.6953125
0 0.3765625000000001 0.7140625 0.3468750000000001 0.7140625 0.3468750000000001 0.7421875 0.3765625000000001 0.7421875
0 0.2375000000000001 0.5109375 0.2093750000000001 0.5109375 0.2093750000000001 0.5265625 0.2375000000000001 0.5265625
0 0.24218750000000008 0.5296875 0.22031250000000008 0.5296875 0.22031250000000008 0.5421875 0.24218750000000008 0.5421875
0 0.2765625000000001 0.5484375 0.2468750000000001 0.5484375 0.2468750000000001 0.56875 0.2765625000000001 0.56875
0 0.3109375000000001 0.5765625 0.2843750000000001 0.5765625 0.2843750000000001 0.596875 0.3109375000000001 0.596875
0 0.3609375000000001 0.590625 0.3265625000000001 0.590625 0.3265625000000001 0.625 0.3609375000000001 0.625
0 0.4125 0.6296875 0.37187500000000007 0.6296875 0.37187500000000007 0.6515625 0.4125 0.6515625
0 0.484375 0.6828125 0.4421875 0.6828125 0.4421875 0.709375 0.484375 0.709375
0 0.7859375000000002 0.8109375 0.7203125000000001 0.8109375 0.7203125000000001 0.8828125 0.7859375000000002 0.8828125
0 0.93125 0.8953125 0.859375 0.8953125 0.859375 0.9515625 0.93125 0.9515625
0 0.8140625 0.5953125000000001 0.7859375 0.5953125000000001 0.7859375 0.6296875000000002 0.8140625 0.6296875000000002
0 0.928125 0.5812500000000002 0.8890625 0.5812500000000002 0.8890625 0.6031250000000001 0.928125 0.6031250000000001
0 0.76875 0.47343750000000007 0.4734375 0.4734375 0.4734375 0.6671875 0.76875 0.6671875000000002