0 0.3859375000000001 0.546875 0.3265625000000001 0.546875 0.3265625000000001 0.575 0.3859375000000001 0.575
0 0.5796875 0.46875 0.5203125 0.46875 0.5203125 0.4984375 0.5796875 0.4984375
0 0.6546875 0.5125 0.559375 0.5125 0.559375 0.5421875 0.6546875 0.5421875
0 0.6890625 0.553125 0.5953125 0.553125 0.5953125 0.625 0.6890625 0.625
0 1 0.6343750000000001 0.4796875 0.634375 0.4796875000000001 0.8984375 1 0.8984375
0 0.6281250000000002 0.8203125 0.2734375000000001 0.8203125 0.2734375000000001 0.978125 0.6281250000000002 0.978125
0 0.2953125000000001 0.575 0.2015625000000001 0.575 0.2015625000000001 0.6109375 0.2953125000000001 0.6109375
0 0.12343750000000009 0.6125 0.014062500000000078 0.6125 0.014062500000000078 0.65625 0.12343750000000009 0.65625
0 0.1687500000000001 0.675 0.039062500000000076 0.675 0.03906250000000008 0.7453125 0.1687500000000001 0.7453125
0 0.8203125 0.5015625000000001 0.690625 0.5015625 0.690625 0.5515625000000001 0.8203125 0.5515625000000002
0 0.3453125000000001 0.4953125 0.3109375000000001 0.4953125 0.3109375000000001 0.5234375 0.3453125000000001 0.5234375
0 0.37968750000000007 0.48125 0.34843750000000007 0.48125 0.34843750000000007 0.5046875 0.37968750000000007 0.5046875