0 0.2078125000000001 0.5703125 0.07187500000000006 0.5703125 0.07187500000000008 0.6875 0.2078125000000001 0.6875
0 0.428125 0.45625 0.3609375000000001 0.45625 0.3609375000000001 0.4953125 0.428125 0.4953125
0 0.428125 0.5 0.3843750000000001 0.5 0.3843750000000001 0.521875 0.428125 0.521875
0 0.4765625 0.50625 0.4171875 0.50625 0.4171875 0.55625 0.4765625 0.55625
0 0.49375 0.5703125 0.38750000000000007 0.5703125 0.38750000000000007 0.6296875 0.49375 0.6296875
0 0.37187500000000007 0.6328125 0.2640625000000001 0.6328125 0.2640625000000001 0.690625 0.37187500000000007 0.690625
0 0.3671875000000001 0.51875 0.2906250000000001 0.51875 0.2906250000000001 0.5546875 0.3671875000000001 0.5546875
0 0.37968750000000007 0.5421875 0.3156250000000001 0.5421875 0.3156250000000001 0.5859375 0.37968750000000007 0.5859375
0 0.2890625000000001 0.575 0.2312500000000001 0.575 0.2312500000000001 0.603125 0.2890625000000001 0.603125
0 0.11562500000000006 0.5078125 0.04375000000000007 0.5078125 0.04375000000000007 0.55 0.11562500000000009 0.55
0 0.74375 0.4234375000000001 0.6421875 0.4234375 0.6421875 0.4562500000000001 0.74375 0.45625000000000016
0 0.8125 0.4187500000000002 0.75 0.4187500000000002 0.75 0.44062500000000016 0.8125 0.44062500000000016
0 0.846875 0.3984375000000001 0.784375 0.3984375000000001 0.784375 0.4125000000000002 0.846875 0.4125000000000002
0 0.8765625 0.3828125000000001 0.7859375 0.3828125000000001 0.7859375 0.3984375000000001 0.8765625 0.3984375000000001