0 0.37968750000000007 0.4109375 0.28593750000000007 0.4109375 0.28593750000000007 0.48125 0.37968750000000007 0.48125
0 0.8578125 0.7437500000000001 0.6562500000000002 0.74375 0.6562500000000002 0.975 0.8578125 0.975
0 0.6453125 0.2671875000000001 0.5234375 0.2671875000000001 0.5234375 0.3281250000000001 0.6453125 0.3281250000000001
0 0.2968750000000001 0.5140625 0.19375000000000003 0.5140625 0.19375000000000006 0.60625 0.2968750000000001 0.60625
0 0.8109375 0.3421875000000001 0.603125 0.3421875000000001 0.603125 0.4375000000000001 0.8109375 0.43750000000000017
0 0.53125 0.23437500000000008 0.4765625 0.23437500000000008 0.4765625 0.2593750000000001 0.53125 0.2593750000000001
0 0.9328125 0.5781250000000002 0.8421875 0.5781250000000002 0.8421875 0.7078125000000002 0.9328125 0.7078125000000002
0 0.4390625 0.23437500000000006 0.3578125 0.234375 0.3578125 0.28906250000000006 0.4390625 0.2890625000000001
0 0.18125000000000008 0.48125 0.06562500000000007 0.48125 0.06562500000000007 0.578125 0.18125000000000008 0.578125
0 0.32812500000000006 0.328125 0.25 0.328125 0.25000000000000006 0.3890625 0.3281250000000001 0.3890625
0 0.5671875 0.4203125 0.471875 0.4203125 0.471875 0.4859375 0.5671875 0.4859375