0 0.7125 0.4140625 0.61875 0.4140625 0.61875 0.475 0.7125 0.475
0 0.409375 0.34062500000000007 0.18750000000000006 0.340625 0.18750000000000006 0.44375 0.409375 0.44375
0 0.48125 0.26875000000000004 0.353125 0.26875 0.353125 0.33593750000000006 0.48125 0.3359375000000001
0 0.3421875000000001 0.7734375 0.1281250000000001 0.7734375 0.1281250000000001 0.9953125 0.3421875000000001 0.9953125
0 0.9515625 0.49531250000000016 0.8296875 0.49531250000000016 0.8296875 0.5906250000000002 0.9515625 0.5906250000000002
0 0.8125 0.5265625 0.709375 0.5265625 0.709375 0.6250000000000001 0.8125 0.6250000000000002
0 0.7546875 0.3375000000000001 0.671875 0.3375000000000001 0.671875 0.3890625000000001 0.7546875 0.3890625000000001
0 0.525 0.23437500000000008 0.465625 0.23437500000000008 0.465625 0.2609375000000001 0.525 0.2609375000000001
0 0.14843750000000008 0.5828125 0.048437500000000064 0.5828125 0.04843750000000008 0.721875 0.14843750000000008 0.721875
0 0.6421875 0.2375000000000001 0.559375 0.2375000000000001 0.559375 0.2890625000000001 0.6421875 0.2890625000000001
0 0.5265625 0.4265625 0.43125 0.4265625 0.43125 0.4953125 0.5265625 0.4953125