0 0.3828125000000001 0.4140625 0.2890625000000001 0.4140625 0.2890625000000001 0.475 0.3828125000000001 0.475
0 0.8140625 0.34062500000000007 0.5921875 0.34062500000000007 0.5921875 0.4437500000000001 0.8140625 0.4437500000000002
0 0.6484375 0.2687500000000001 0.5203125 0.2687500000000001 0.5203125 0.3359375000000001 0.6484375 0.3359375000000001
0 0.8734375 0.7734375000000001 0.6593750000000002 0.7734375 0.6593750000000002 0.9953125 0.8734375 0.9953125
0 0.17187500000000006 0.4953125 0.050000000000000065 0.4953125 0.050000000000000065 0.590625 0.17187500000000008 0.590625
0 0.2921875000000001 0.5265625 0.18906250000000005 0.5265625 0.18906250000000008 0.625 0.2921875000000001 0.625
0 0.32812500000000006 0.3375 0.2453125 0.3375 0.24531250000000004 0.3890625 0.3281250000000001 0.3890625
0 0.5359375 0.23437500000000008 0.4765625 0.23437500000000008 0.4765625 0.2609375000000001 0.5359375 0.2609375000000001
0 0.9515625 0.5828125000000002 0.8515625 0.5828125000000002 0.8515625 0.7218750000000002 0.9515625 0.7218750000000002
0 0.440625 0.23750000000000004 0.3578125 0.2375 0.3578125 0.28906250000000006 0.440625 0.2890625000000001
0 0.56875 0.4265625 0.4734375 0.4265625 0.4734375 0.4953125 0.56875 0.4953125