0 0.13750000000000007 0.509375 0.023437500000000062 0.509375 0.02343750000000007 0.6203125 0.1375000000000001 0.6203125
0 0.32500000000000007 0.6578125 0.02968750000000008 0.6578125 0.029687500000000096 0.94375 0.32500000000000007 0.94375
0 0.7359375000000001 0.6609375000000001 0.4234375 0.6609375 0.4234375000000001 0.8078125 0.7359375000000001 0.8078125
0 0.9578125 0.6203125 0.715625 0.6203125 0.7156250000000001 0.7609375 0.9578125 0.7609375000000002
0 0.81875 0.41093750000000007 0.7203125 0.4109375 0.7203125 0.4640625000000001 0.81875 0.46406250000000016
0 0.9984375 0.40625000000000017 0.86875 0.40625000000000017 0.86875 0.5265625000000002 0.9984375 0.5265625000000002
0 0.4125 0.503125 0.2921875000000001 0.503125 0.2921875000000001 0.603125 0.4125 0.603125
0 0.3656250000000001 0.403125 0.2656250000000001 0.403125 0.2656250000000001 0.446875 0.3656250000000001 0.446875
0 0.28593750000000007 0.3375 0.215625 0.3375 0.21562500000000004 0.3703125 0.28593750000000007 0.3703125
0 0.3859375 0.27656250000000004 0.3203125 0.2765625 0.3203125 0.31093750000000003 0.3859375 0.3109375000000001
0 0.6984375 0.2812500000000001 0.5328125 0.2812500000000001 0.5328125 0.3109375000000001 0.6984375 0.3109375000000001
0 0.703125 0.3437500000000001 0.5625 0.3437500000000001 0.5625 0.3812500000000001 0.703125 0.3812500000000001