0 0.3781250000000001 0.434375 0.27812500000000007 0.434375 0.27812500000000007 0.5140625 0.3781250000000001 0.5140625
0 0.659375 0.2843750000000001 0.5265625 0.2843750000000001 0.5265625 0.3500000000000001 0.659375 0.3500000000000001
0 0.84375 0.3609375000000001 0.590625 0.3609375000000001 0.590625 0.4765625000000001 0.84375 0.47656250000000017
0 0.2750000000000001 0.5671875 0.1531250000000001 0.5671875 0.1531250000000001 0.6734375 0.2750000000000001 0.6734375
0 0.8828125 0.88125 0.6906250000000002 0.88125 0.6906250000000002 1 0.8828125 1
0 0.54375 0.24375000000000008 0.48125 0.24375000000000008 0.48125 0.27031250000000007 0.54375 0.27031250000000007
0 0.5046875 0.2156250000000001 0.4421875 0.2156250000000001 0.4421875 0.2375000000000001 0.5046875 0.2375000000000001
0 0.14687500000000006 0.534375 0.017187500000000067 0.534375 0.01718750000000007 0.63125 0.1468750000000001 0.63125
0 0.32031250000000006 0.3515625 0.2359375 0.3515625 0.23593750000000005 0.4078125 0.3203125000000001 0.4078125
0 0.996875 0.6515625000000002 0.8828125 0.6515625000000002 0.8828125 0.8234375 0.996875 0.8234375
0 0.44375 0.24375000000000005 0.3578125 0.24375 0.3578125 0.29531250000000003 0.44375 0.2953125000000001
0 0.5765625 0.45625 0.4859375 0.45625 0.4859375 0.5328125 0.5765625 0.5328125