0 0.721875 0.434375 0.621875 0.434375 0.621875 0.5140625 0.721875 0.5140625
0 0.4734375 0.28437500000000004 0.340625 0.284375 0.340625 0.35000000000000003 0.4734375 0.3500000000000001
0 0.409375 0.3609375 0.15625000000000006 0.3609375 0.15625000000000006 0.4765625 0.409375 0.4765625
0 0.8484375 0.5671875000000002 0.7265625 0.5671875000000002 0.7265625 0.6734375000000001 0.8484375 0.6734375000000001
0 0.3109375000000001 0.88125 0.11875000000000009 0.88125 0.1187500000000001 1 0.3109375000000001 1
0 0.5203125 0.24375000000000008 0.4578125 0.24375000000000008 0.4578125 0.27031250000000007 0.5203125 0.27031250000000007
0 0.5578125 0.2156250000000001 0.4953125 0.2156250000000001 0.4953125 0.2375000000000001 0.5578125 0.2375000000000001
0 0.984375 0.5343750000000002 0.8546875 0.5343750000000002 0.8546875 0.6312500000000002 0.984375 0.6312500000000002
0 0.765625 0.3515625000000001 0.68125 0.3515625000000001 0.68125 0.4078125000000001 0.765625 0.4078125000000002
0 0.11875000000000009 0.6515625 0.004687500000000079 0.6515625 0.00468750000000009 0.8234375 0.11875000000000009 0.8234375
0 0.64375 0.24375000000000008 0.5578125 0.24375000000000008 0.5578125 0.2953125000000001 0.64375 0.2953125000000001
0 0.515625 0.45625 0.425 0.45625 0.425 0.5328125 0.515625 0.5328125