0 0.2640625000000001 0.590625 0.1312500000000001 0.590625 0.1312500000000001 0.7078125 0.2640625000000001 0.7078125
0 0.85625 0.3703125000000001 0.6 0.3703125000000001 0.6 0.4937500000000001 0.85625 0.4937500000000002
0 0.3703125000000001 0.45 0.2656250000000001 0.45 0.2656250000000001 0.521875 0.3703125000000001 0.521875
0 0.6640625 0.2906250000000001 0.525 0.2906250000000001 0.525 0.3625000000000001 0.6640625 0.3625000000000001
0 0.5390625 0.2468750000000001 0.48125 0.2468750000000001 0.48125 0.2750000000000001 0.5390625 0.2750000000000001
0 0.5078125 0.22031250000000008 0.4421875 0.22031250000000008 0.4421875 0.2406250000000001 0.5078125 0.2406250000000001
0 1 0.6843750000000002 0.8953125 0.6843750000000002 0.8953125 0.865625 1 0.865625
0 0.3140625000000001 0.3640625 0.2328125000000001 0.3640625 0.2328125000000001 0.4125 0.3140625000000001 0.4125
0 0.440625 0.24843750000000003 0.3578125 0.2484375 0.3578125 0.29218750000000004 0.440625 0.2921875000000001
0 0.12656250000000008 0.546875 6.697287182837088e-17 0.546875 7.347880794884119e-17 0.653125 0.12656250000000008 0.653125
0 0.575 0.4703125 0.46875 0.4703125 0.46875 0.5546875 0.575 0.5546875