0 0.86875 0.5906250000000002 0.7359375 0.5906250000000002 0.7359375 0.7078125000000002 0.86875 0.7078125000000002
0 0.4015625 0.37031250000000004 0.14531250000000004 0.3703125 0.14531250000000004 0.49375 0.4015625 0.49375
0 0.7359375 0.45000000000000007 0.63125 0.45 0.63125 0.5218750000000001 0.7359375 0.5218750000000002
0 0.4765625 0.290625 0.3375 0.290625 0.3375 0.36250000000000004 0.4765625 0.3625000000000001
0 0.51875 0.2468750000000001 0.4609375 0.2468750000000001 0.4609375 0.2750000000000001 0.51875 0.2750000000000001
0 0.559375 0.22031250000000008 0.49375 0.22031250000000008 0.49375 0.2406250000000001 0.559375 0.2406250000000001
0 0.10468750000000009 0.684375 8.381176531664698e-17 0.684375 9.491012693391987e-17 0.865625 0.10468750000000009 0.865625
0 0.76875 0.36406250000000007 0.6875 0.36406250000000007 0.6875 0.4125000000000001 0.76875 0.4125000000000002
0 0.6421875 0.2484375000000001 0.559375 0.2484375000000001 0.559375 0.2921875000000001 0.6421875 0.2921875000000001
0 1 0.5468750000000002 0.8734375 0.5468750000000002 0.8734375 0.6531250000000002 1 0.6531250000000002
0 0.5328125 0.4703125 0.4265625 0.4703125 0.4265625 0.5546875 0.5328125 0.5546875