0 0.896875 0.6203125000000002 0.7609375 0.6203125000000002 0.7609375 0.7609375000000002 0.896875 0.7609375000000002
0 0.3500000000000001 0.3875 0.14843750000000006 0.3875 0.14843750000000006 0.515625 0.3500000000000001 0.515625
0 0.759375 0.4687500000000001 0.6515625 0.46875 0.6515625 0.5562500000000001 0.759375 0.5562500000000001
0 0.48125 0.30468750000000006 0.3390625 0.3046875 0.33906250000000004 0.37968750000000007 0.48125 0.37968750000000007
0 0.79375 0.3781250000000001 0.7 0.3781250000000001 0.7 0.4328125000000001 0.79375 0.43281250000000016
0 0.665625 0.3281250000000001 0.5984375 0.3281250000000001 0.5984375 0.3750000000000001 0.665625 0.3750000000000001
0 0.9984375 0.5750000000000002 0.903125 0.5750000000000002 0.903125 0.6906250000000002 0.9984375 0.6906250000000002
0 0.525 0.2562500000000001 0.45625 0.2562500000000001 0.45625 0.2875000000000001 0.525 0.2875000000000001
0 0.0937500000000001 0.7234375 8.859554187581634e-17 0.7234375 1.0036363221137293e-16 0.915625 0.09375000000000011 0.915625
0 0.6609375 0.2609375000000001 0.56875 0.2609375000000001 0.56875 0.3125000000000001 0.6609375 0.3125000000000001
0 0.528125 0.4921875 0.43125 0.4921875 0.43125 0.5828125 0.528125 0.5828125