0 0.8484375 0.4046875000000001 0.6234375 0.4046875 0.6234375 0.5296875000000001 0.8484375 0.5296875000000002
0 0.2140625000000001 0.69375 0.0828125000000001 0.69375 0.0828125000000001 0.7875 0.2140625000000001 0.7875
0 0.34062500000000007 0.4859375 0.2218750000000001 0.4859375 0.2218750000000001 0.5734375 0.34062500000000007 0.5734375
0 0.65625 0.30937500000000007 0.5171875 0.30937500000000007 0.5171875 0.3890625000000001 0.65625 0.3890625000000001
0 0.2906250000000001 0.3890625 0.19843750000000004 0.3890625 0.19843750000000004 0.4484375 0.2906250000000001 0.4484375
0 0.08437500000000007 0.590625 7.233070157464055e-17 0.590625 8.027177066286167e-17 0.7203125 0.08437500000000009 0.7203125
0 0.53125 0.2671875000000001 0.46875 0.2671875000000001 0.46875 0.2984375000000001 0.53125 0.2984375000000001
0 0.5265625 0.18593750000000003 0.478125 0.18593750000000003 0.478125 0.2078125000000001 0.5265625 0.2078125000000001
0 1 0.7421875000000002 0.9109375 0.7421875000000002 0.9109375 0.934375 1 0.934375
0 0.43125 0.26562500000000006 0.3328125 0.265625 0.3328125 0.32031250000000006 0.43125 0.3203125000000001
0 0.5671875 0.49375 0.459375 0.49375 0.459375 0.6078125 0.5671875 0.6078125