0 0.3765625000000001 0.4046875 0.15156250000000004 0.4046875 0.15156250000000004 0.5296875 0.3765625000000001 0.5296875
0 0.91875 0.6937500000000002 0.7875 0.6937500000000002 0.7875000000000001 0.7875000000000002 0.91875 0.7875000000000002
0 0.778125 0.4859375000000001 0.659375 0.4859375 0.659375 0.5734375 0.778125 0.5734375000000002
0 0.4828125 0.30937500000000007 0.34375 0.309375 0.34375000000000006 0.38906250000000003 0.4828125 0.3890625000000001
0 0.8015625 0.3890625000000001 0.709375 0.3890625000000001 0.709375 0.4484375000000001 0.8015625 0.44843750000000016
0 1 0.5906250000000002 0.915625 0.5906250000000002 0.915625 0.7203125000000001 1 0.7203125000000001
0 0.5328125 0.2671875000000001 0.4703125 0.2671875000000001 0.4703125 0.2984375000000001 0.5328125 0.2984375000000001
0 0.5234375 0.18593750000000003 0.475 0.18593750000000003 0.475 0.2078125000000001 0.5234375 0.2078125000000001
0 0.0890625000000001 0.7421875 9.089175462421762e-17 0.7421875 1.0265984495977421e-16 0.934375 0.08906250000000011 0.934375
0 0.6671875 0.2656250000000001 0.56875 0.2656250000000001 0.56875 0.3203125000000001 0.6671875 0.3203125000000001
0 0.5421875 0.49375 0.434375 0.49375 0.434375 0.6078125 0.5421875 0.6078125