0 0.8015625 0.3343750000000001 0.65625 0.3343750000000001 0.65625 0.4125000000000001 0.8015625 0.4125000000000002
0 0.58125 0.3515625000000001 0.396875 0.3515625000000001 0.39687500000000003 0.4265625 0.58125 0.4265625
0 0.3921875 0.33906250000000004 0.18125000000000005 0.3390625 0.18125000000000005 0.38750000000000007 0.3921875000000001 0.38750000000000007
0 0.840625 0.4453125000000001 0.4734375 0.4453125 0.4734375 0.6250000000000001 0.840625 0.6250000000000002
0 0.4515625 0.465625 0.37187500000000007 0.465625 0.37187500000000007 0.5140625 0.4515625 0.5140625
0 0.584375 0.434375 0.5015625 0.434375 0.5015625 0.4734375 0.584375 0.4734375
0 0.5015625 0.41875 0.4234375 0.41875 0.4234375 0.453125 0.5015625 0.453125
0 0.33281250000000007 0.3921875 0.16875000000000004 0.3921875 0.16875000000000004 0.440625 0.33281250000000007 0.440625
0 0.4171875000000001 0.5125 0.03750000000000007 0.5125 0.037500000000000096 0.9734375 0.41718750000000016 0.9734375
0 0.6890625000000001 0.6546875 0.425 0.6546875 0.4250000000000001 0.896875 0.6890625000000001 0.896875
0 0.9890625 0.7578125000000002 0.8484375 0.7578125000000002 0.8484375 0.9375 0.9890625 0.9375
0 0.809375 0.8703125 0.6578125000000001 0.8703125 0.6578125000000001 0.9984375 0.809375 0.9984375
0 0.1578125000000001 0.690625 0.0015625000000000847 0.690625 0.0015625000000000996 0.9328125 0.15781250000000013 0.9328125
0 0.896875 0.4046875000000002 0.81875 0.4046875000000002 0.81875 0.45312500000000017 0.896875 0.45312500000000017
0 0.6875 0.2328125000000001 0.5890625 0.2328125000000001 0.5890625 0.2843750000000001 0.6875 0.2843750000000001