0 0.34375000000000006 0.334375 0.19843750000000004 0.334375 0.19843750000000004 0.4125 0.3437500000000001 0.4125
0 0.603125 0.3515625000000001 0.41875 0.3515625000000001 0.41875 0.4265625 0.603125 0.4265625
0 0.8203125 0.3390625000000001 0.609375 0.3390625000000001 0.609375 0.38750000000000007 0.8203125 0.38750000000000007
0 0.5265625 0.4453125 0.15937500000000004 0.4453125 0.15937500000000007 0.625 0.5265625 0.625
0 0.628125 0.465625 0.5484375 0.465625 0.5484375 0.5140625 0.628125 0.5140625
0 0.4984375 0.434375 0.415625 0.434375 0.415625 0.4734375 0.4984375 0.4734375
0 0.578125 0.41875 0.5 0.41875 0.5 0.453125 0.578125 0.453125
0 0.83125 0.3921875000000001 0.6671875 0.3921875000000001 0.6671875 0.4406250000000001 0.83125 0.44062500000000016
0 0.9640625 0.5125000000000001 0.584375 0.5125 0.5843750000000001 0.9734375 0.9640625 0.9734375
0 0.5750000000000001 0.6546875 0.3109375000000001 0.6546875 0.3109375000000001 0.896875 0.5750000000000002 0.896875
0 0.1515625000000001 0.7578125 0.010937500000000091 0.7578125 0.010937500000000103 0.9375 0.15156250000000013 0.9375
0 0.3421875000000001 0.8703125 0.1906250000000001 0.8703125 0.1906250000000001 0.9984375 0.3421875000000001 0.9984375
0 0.9984375 0.6906250000000002 0.8421875 0.6906250000000002 0.8421875 0.9328125 0.9984375 0.9328125
0 0.18125000000000005 0.4046875 0.10312500000000005 0.4046875 0.10312500000000005 0.453125 0.18125000000000005 0.453125
0 0.4109375 0.23281250000000003 0.3125 0.2328125 0.3125 0.28437500000000004 0.4109375 0.2843750000000001