0 0.94375 0.7343750000000002 0.8171875 0.7343750000000002 0.8171875 0.8328125 0.94375 0.8328125
0 0.4921875 0.32031250000000006 0.3421875 0.3203125 0.34218750000000003 0.39843750000000006 0.4921875 0.3984375000000001
0 0.3500000000000001 0.4109375 0.13750000000000004 0.4109375 0.13750000000000007 0.5484375 0.3500000000000001 0.5484375
0 0.7765625 0.5062500000000001 0.6671875 0.50625 0.6671875 0.6015625000000001 0.7765625 0.6015625000000002
0 0.5421875 0.2671875000000001 0.475 0.2671875000000001 0.475 0.2984375000000001 0.5421875 0.2984375000000001
0 0.584375 0.24218750000000008 0.5109375 0.24218750000000008 0.5109375 0.2640625000000001 0.584375 0.2640625000000001
0 1 0.6203125000000002 0.940625 0.6203125000000002 0.940625 0.7296875000000002 1 0.7296875000000002
0 0.0703125000000001 0.7828125 9.586688224575374e-17 0.7828125 1.0572146195764259e-16 0.94375 0.07031250000000011 0.94375
0 0.8171875 0.4046875000000002 0.728125 0.4046875000000002 0.728125 0.47187500000000016 0.8171875 0.47187500000000016
0 0.6953125 0.2734375000000001 0.58125 0.2734375000000001 0.58125 0.3343750000000001 0.6953125 0.3343750000000001
0 0.5421875 0.521875 0.4390625 0.521875 0.4390625 0.625 0.5421875 0.625