0 0.1828125000000001 0.734375 0.05625000000000009 0.734375 0.0562500000000001 0.8328125 0.1828125000000001 0.8328125
0 0.659375 0.3203125000000001 0.509375 0.3203125000000001 0.509375 0.3984375000000001 0.659375 0.3984375000000001
0 0.8625 0.41093750000000007 0.65 0.4109375 0.65 0.5484375000000001 0.8625 0.5484375000000001
0 0.33281250000000007 0.50625 0.2234375000000001 0.50625 0.2234375000000001 0.6015625 0.33281250000000007 0.6015625
0 0.525 0.2671875000000001 0.4578125 0.2671875000000001 0.4578125 0.2984375000000001 0.525 0.2984375000000001
0 0.4890625 0.24218750000000008 0.415625 0.24218750000000008 0.415625 0.2640625000000001 0.4890625 0.2640625000000001
0 0.060937500000000075 0.6203125 0.0015625000000000755 0.6203125 0.0015625000000000825 0.7296875 0.06093750000000009 0.7296875
0 1 0.7828125000000001 0.9296875 0.7828125000000001 0.9296875 0.94375 1 0.94375
0 0.2718750000000001 0.4046875 0.18281250000000004 0.4046875 0.18281250000000004 0.471875 0.2718750000000001 0.471875
0 0.4203125 0.27343750000000006 0.30625 0.2734375 0.30625 0.33437500000000003 0.4203125 0.3343750000000001
0 0.5609375 0.521875 0.4578125 0.521875 0.4578125 0.625 0.5609375 0.625