0 0.8390625 0.5437500000000001 0.46875 0.54375 0.46875 0.6656250000000001 0.8390625 0.6656250000000001
0 0.3937500000000001 0.59375 0.2718750000000001 0.59375 0.2718750000000001 0.6484375 0.3937500000000001 0.6484375
0 0.3750000000000001 0.525 0.2500000000000001 0.525 0.2500000000000001 0.6015625 0.3750000000000001 0.6015625
0 0.3812500000000001 0.4703125 0.2968750000000001 0.4703125 0.2968750000000001 0.525 0.3812500000000001 0.525
0 0.11093750000000005 0.43125 0.03593750000000005 0.43125 0.03593750000000005 0.4859375 0.11093750000000005 0.4859375
0 0.2468750000000001 0.5015625 0.12656250000000005 0.5015625 0.12656250000000008 0.5546875 0.2468750000000001 0.5546875
0 0.7203125 0.409375 0.5953125 0.409375 0.5953125 0.4515625 0.7203125 0.4515625
0 0.7171875 0.3187500000000001 0.634375 0.3187500000000001 0.634375 0.3593750000000001 0.7171875 0.3593750000000001
0 0.6203125 0.3453125000000001 0.4375 0.3453125000000001 0.4375 0.3906250000000001 0.6203125 0.3906250000000001
0 0.921875 0.34062500000000007 0.8 0.34062500000000007 0.8 0.4078125000000002 0.921875 0.4078125000000002
0 0.9796875 0.46406250000000016 0.8796875 0.46406250000000016 0.8796875 0.5093750000000001 0.9796875 0.5093750000000001
0 0.8046875 0.42656250000000007 0.7015625 0.4265625 0.7015625 0.4750000000000001 0.8046875 0.4750000000000002
0 0.7859375 0.48906250000000007 0.684375 0.4890625 0.684375 0.534375 0.7859375 0.5343750000000002
0 0.61875 0.4890625 0.434375 0.4890625 0.434375 0.54375 0.61875 0.54375
0 0.509375 0.4359375 0.4203125 0.4359375 0.4203125 0.471875 0.509375 0.471875
0 0.58125 0.43125 0.5046875 0.43125 0.5046875 0.459375 0.58125 0.459375