0 0.5328125 0.54375 0.16250000000000003 0.54375 0.16250000000000006 0.665625 0.5328125 0.665625
0 0.728125 0.5937500000000001 0.60625 0.59375 0.60625 0.6484375000000001 0.728125 0.6484375000000002
0 0.7515625 0.5250000000000001 0.6265625 0.525 0.6265625 0.6015625000000001 0.7515625 0.6015625000000002
0 0.7046875 0.4703125 0.6203125 0.4703125 0.6203125 0.525 0.7046875 0.525
0 0.965625 0.4312500000000002 0.890625 0.4312500000000002 0.890625 0.4859375000000002 0.965625 0.4859375000000002
0 0.875 0.5015625000000001 0.7546875 0.5015625000000001 0.7546875 0.5546875000000002 0.875 0.5546875000000002
0 0.4046875 0.409375 0.2796875000000001 0.409375 0.2796875000000001 0.4515625 0.4046875 0.4515625
0 0.3671875 0.31875000000000003 0.284375 0.31875 0.284375 0.35937500000000006 0.3671875 0.3593750000000001
0 0.5625 0.3453125000000001 0.3796875 0.3453125000000001 0.37968750000000007 0.3906250000000001 0.5625 0.3906250000000001
0 0.20000000000000004 0.340625 0.07812500000000004 0.340625 0.07812500000000004 0.4078125 0.2000000000000001 0.4078125
0 0.12031250000000004 0.4640625 0.020312500000000056 0.4640625 0.02031250000000006 0.509375 0.12031250000000004 0.509375
0 0.2984375000000001 0.4265625 0.19531250000000006 0.4265625 0.19531250000000006 0.475 0.2984375000000001 0.475
0 0.3156250000000001 0.4890625 0.2140625000000001 0.4890625 0.2140625000000001 0.534375 0.3156250000000001 0.534375
0 0.5671875 0.4890625 0.3828125000000001 0.4890625 0.3828125000000001 0.54375 0.5671875 0.54375
0 0.58125 0.4359375 0.4921875 0.4359375 0.4921875 0.471875 0.58125 0.471875
0 0.496875 0.43125 0.4203125 0.43125 0.4203125 0.459375 0.496875 0.459375