0 0.3281250000000001 0.440625 0.2218750000000001 0.440625 0.2218750000000001 0.4859375 0.3281250000000001 0.4859375
0 0.19843750000000004 0.471875 0.07500000000000007 0.471875 0.07500000000000007 0.5265625 0.19843750000000004 0.5265625
0 0.15156250000000004 0.4296875 0.02031250000000005 0.4296875 0.020312500000000053 0.475 0.15156250000000004 0.475
0 0.2890625000000001 0.5078125 0.19218750000000004 0.5078125 0.19218750000000007 0.5453125 0.2890625000000001 0.5453125
0 0.2968750000000001 0.5546875 0.1843750000000001 0.5546875 0.1843750000000001 0.6140625 0.2968750000000001 0.6140625
0 0.36406250000000007 0.6265625 0.1687500000000001 0.6265625 0.1687500000000001 0.74375 0.36406250000000007 0.74375
0 0.5828125000000002 0.7328125 0.42968750000000017 0.7328125 0.42968750000000017 0.8078125 0.5828125000000002 0.8078125
0 0.4109375000000002 0.765625 0.2593750000000001 0.765625 0.2593750000000001 0.8734375 0.4109375000000002 0.8734375
0 0.9515625 0.6453125000000001 0.6796875 0.6453125 0.6796875000000001 0.7437500000000001 0.9515625 0.7437500000000001
0 0.7890625 0.5265625 0.6625 0.5265625 0.6625 0.5921875000000001 0.7890625 0.5921875000000002
0 0.9921875 0.4984375000000002 0.8203125 0.4984375000000002 0.8203125 0.6062500000000002 0.9921875 0.6062500000000002
0 0.8140625 0.42968750000000017 0.7484375 0.42968750000000017 0.7484375 0.47187500000000016 0.8140625 0.47187500000000016
0 0.61875 0.528125 0.3531250000000001 0.528125 0.3531250000000001 0.615625 0.61875 0.615625
0 0.10781250000000009 0.5484375 0.028125000000000067 0.5484375 0.028125000000000074 0.634375 0.10781250000000009 0.634375
0 0.0687500000000001 0.7859375 0.017187500000000095 0.7859375 0.0171875000000001 0.8359375 0.06875000000000012 0.8359375
0 0.9453125 0.8015625 0.26250000000000007 0.8015625 0.26250000000000007 0.9984375 0.9453125 0.9984375