0 0.778125 0.4406250000000001 0.671875 0.440625 0.671875 0.4859375000000001 0.778125 0.4859375000000002
0 0.925 0.47187500000000016 0.8015625 0.47187500000000016 0.8015625 0.5265625000000002 0.925 0.5265625000000002
0 0.9796875 0.42968750000000017 0.8484375 0.42968750000000017 0.8484375 0.4750000000000002 0.9796875 0.4750000000000002
0 0.8078125 0.5078125000000001 0.7109375 0.5078125 0.7109375 0.5453125000000001 0.8078125 0.5453125000000002
0 0.815625 0.5546875000000001 0.703125 0.5546875 0.703125 0.6140625000000001 0.815625 0.6140625000000002
0 0.83125 0.6265625000000001 0.6359375 0.6265625 0.6359375 0.7437500000000001 0.83125 0.7437500000000001
0 0.5703125000000002 0.7328125 0.41718750000000016 0.7328125 0.41718750000000016 0.8078125 0.5703125000000002 0.8078125
0 0.7406250000000002 0.7656250000000001 0.5890625000000002 0.765625 0.5890625000000002 0.8734375 0.7406250000000002 0.8734375
0 0.3203125000000001 0.6453125 0.04843750000000008 0.6453125 0.048437500000000085 0.74375 0.3203125000000001 0.74375
0 0.3375000000000001 0.5265625 0.21093750000000008 0.5265625 0.21093750000000008 0.5921875 0.3375000000000001 0.5921875
0 0.17968750000000006 0.4984375 0.00781250000000006 0.4984375 0.007812500000000068 0.60625 0.17968750000000008 0.60625
0 0.2515625000000001 0.4296875 0.18593750000000003 0.4296875 0.18593750000000003 0.471875 0.2515625000000001 0.471875
0 0.646875 0.528125 0.3812500000000001 0.528125 0.3812500000000001 0.615625 0.646875 0.615625
0 0.971875 0.5484375000000001 0.8921875 0.5484375000000001 0.8921875 0.6343750000000001 0.971875 0.6343750000000001
0 0.9828125 0.7859375000000002 0.93125 0.7859375000000002 0.93125 0.8359375 0.9828125 0.8359375
0 0.7375000000000002 0.8015625 0.05468750000000009 0.8015625 0.05468750000000011 0.9984375 0.7375000000000002 0.9984375