0 0.2890625000000001 0.709375 0.11250000000000009 0.709375 0.11250000000000009 0.8796875 0.2890625000000001 0.8796875
0 0.996875 0.4859375000000001 0.65 0.4859375 0.6500000000000001 0.7421875000000001 0.996875 0.7421875000000002
0 0.6796875000000001 0.6984375 0.453125 0.6984375 0.4531250000000001 0.9515625 0.6796875000000002 0.9515625
0 0.553125 0.2875000000000001 0.4859375 0.2875000000000001 0.4859375 0.3281250000000001 0.553125 0.3281250000000001
0 0.7140625 0.3468750000000001 0.5265625 0.3468750000000001 0.5265625 0.46875 0.7140625 0.46875
0 0.5828125 0.22656250000000008 0.521875 0.22656250000000008 0.521875 0.2515625000000001 0.5828125 0.2515625000000001
0 0.509375 0.2515625000000001 0.434375 0.2515625000000001 0.434375 0.2750000000000001 0.509375 0.2750000000000001
0 0.3937500000000001 0.4171875 0.30156250000000007 0.4171875 0.30156250000000007 0.484375 0.3937500000000001 0.484375
0 0.5546875 0.18125000000000008 0.4875 0.18125000000000005 0.4875 0.2093750000000001 0.5546875 0.2093750000000001
0 0.6453125 0.1843750000000001 0.59375 0.1843750000000001 0.59375 0.2140625000000001 0.6453125 0.2140625000000001
0 0.4265625 0.29531250000000003 0.3125 0.2953125 0.31250000000000006 0.3765625 0.4265625 0.3765625000000001
0 0.21093750000000008 0.5171875 0.08281250000000007 0.5171875 0.08281250000000008 0.64375 0.21093750000000008 0.64375
0 0.73125 0.2218750000000001 0.6328125 0.2218750000000001 0.6328125 0.2828125000000001 0.73125 0.2828125000000001