0 0.3546875000000001 0.490625 0.0031250000000000596 0.490625 0.003125000000000077 0.7671875 0.3546875000000001 0.7671875
0 0.90625 0.7359375000000001 0.7140625000000002 0.7359375 0.7140625000000002 0.91875 0.90625 0.91875
0 0.4734375 0.35625000000000007 0.2625 0.35625 0.26250000000000007 0.475 0.4734375 0.475
0 0.5562500000000001 0.7265625 0.32500000000000007 0.7265625 0.32500000000000007 0.9875 0.5562500000000001 0.9875
0 0.51875 0.2921875000000001 0.434375 0.2921875000000001 0.434375 0.3343750000000001 0.51875 0.3343750000000001
0 0.575 0.2656250000000001 0.4890625 0.2656250000000001 0.4890625 0.2875000000000001 0.575 0.2875000000000001
0 0.515625 0.18750000000000006 0.4515625 0.18750000000000006 0.4515625 0.2171875000000001 0.515625 0.2171875000000001
0 0.365625 0.22812500000000005 0.2640625 0.228125 0.2640625 0.28125000000000006 0.365625 0.2812500000000001
0 0.6921875 0.3046875000000001 0.575 0.3046875000000001 0.575 0.3812500000000001 0.6921875 0.3812500000000001
0 0.9265625 0.5328125000000001 0.79375 0.5328125000000001 0.79375 0.6640625000000002 0.9265625 0.6640625000000002
0 0.7078125 0.4046875 0.6203125 0.4046875 0.6203125 0.5171875 0.7078125 0.5171875