0 0.753125 0.37968750000000007 0.53125 0.37968750000000007 0.53125 0.5171875000000001 0.753125 0.5171875000000001
0 0.1859375000000001 0.5953125 0.009375000000000073 0.5953125 0.009375000000000083 0.771875 0.1859375000000001 0.771875
0 0.5578125 0.3125000000000001 0.48125 0.3125000000000001 0.48125 0.36406250000000007 0.5578125 0.36406250000000007
0 0.2578125000000001 0.865625 0.025000000000000112 0.865625 0.025000000000000116 1 0.2578125000000001 1
0 0.996875 0.5453125000000001 0.6703125 0.5453125 0.6703125000000001 0.8859375 0.996875 0.8859375
0 0.6906250000000002 0.8375 0.42968750000000017 0.8375 0.42968750000000017 1 0.6906250000000002 1
0 0.5046875 0.2765625000000001 0.403125 0.2765625000000001 0.403125 0.3046875000000001 0.5046875 0.3046875000000001
0 0.37187500000000007 0.4625 0.2828125000000001 0.4625 0.2828125000000001 0.56875 0.37187500000000007 0.56875
0 0.5921875 0.24218750000000008 0.525 0.24218750000000008 0.525 0.27031250000000007 0.5921875 0.27031250000000007
0 0.41875 0.32343750000000004 0.2875 0.3234375 0.28750000000000003 0.41875 0.41875 0.41875
0 0.740625 0.2328125000000001 0.6421875 0.2328125000000001 0.6421875 0.3000000000000001 0.740625 0.3000000000000001
0 0.4390625 0.2375000000000001 0.3640625 0.2375000000000001 0.3640625 0.2750000000000001 0.4390625 0.2750000000000001