0 0.4578125 0.39531250000000007 0.22812500000000008 0.3953125 0.22812500000000008 0.553125 0.4578125 0.553125
0 0.9953125 0.6671875000000002 0.8421875 0.6671875000000002 0.8421875 0.8078125 0.9953125 0.8078125
0 0.590625 0.2828125000000001 0.4921875 0.2828125000000001 0.4921875 0.3109375000000001 0.590625 0.3109375000000001
0 0.51875 0.3218750000000001 0.4375 0.3218750000000001 0.4375 0.3734375000000001 0.51875 0.3734375000000001
0 0.7359375 0.5000000000000001 0.646875 0.5 0.646875 0.6218750000000001 0.7359375 0.6218750000000002
0 0.2906250000000001 0.54375 6.659016970363734e-17 0.54375 9.452742480918633e-17 1 0.2906250000000001 1
0 0.353125 0.228125 0.246875 0.228125 0.246875 0.2953125 0.353125 0.2953125
0 0.471875 0.24218750000000008 0.403125 0.24218750000000008 0.403125 0.27031250000000007 0.471875 0.27031250000000007
0 0.715625 0.33281250000000007 0.5859375 0.33281250000000007 0.5859375 0.4328125 0.715625 0.4328125
0 0.640625 0.2500000000000001 0.565625 0.2500000000000001 0.565625 0.2828125000000001 0.640625 0.2828125000000001
0 0.5265625 0.18750000000000006 0.446875 0.18750000000000006 0.446875 0.22031250000000008 0.5265625 0.22031250000000008