0 1 0.6812500000000001 0.85625 0.6812500000000001 0.85625 0.8296875 1 0.8296875
0 0.5203125 0.3265625000000001 0.4390625 0.3265625000000001 0.4390625 0.3812500000000001 0.5203125 0.3812500000000001
0 0.4703125 0.3921875 0.2156250000000001 0.3921875 0.2156250000000001 0.5671875 0.4703125 0.5671875
0 0.2765625000000001 0.5609375 0.003125000000000068 0.5609375 0.003125000000000095 0.99375 0.2765625000000001 0.99375
0 0.6 0.2890625000000001 0.496875 0.2890625000000001 0.496875 0.3125000000000001 0.6 0.3125000000000001
0 0.7453125 0.5140625000000001 0.646875 0.5140625 0.646875 0.6484375000000001 0.7453125 0.6484375000000002
0 0.51875 0.19375000000000003 0.4421875 0.19375000000000003 0.4421875 0.2250000000000001 0.51875 0.2250000000000001
0 0.4734375 0.2468750000000001 0.409375 0.2468750000000001 0.409375 0.2750000000000001 0.4734375 0.2750000000000001
0 0.734375 0.3421875000000001 0.5890625 0.3421875000000001 0.5890625 0.4562500000000001 0.734375 0.45625000000000016
0 0.6453125 0.2468750000000001 0.5625 0.2468750000000001 0.5625 0.29375000000000007 0.6453125 0.29375000000000007
0 0.3484375 0.2234375 0.2296875 0.2234375 0.2296875 0.3 0.3484375 0.3