0 0.1437500000000001 0.68125 8.342906319191344e-17 0.68125 9.25182386543352e-17 0.8296875 0.1437500000000001 0.8296875
0 0.5609375 0.3265625000000001 0.4796875 0.3265625000000001 0.4796875 0.3812500000000001 0.5609375 0.3812500000000001
0 0.784375 0.3921875000000001 0.5296875 0.3921875000000001 0.5296875 0.5671875000000001 0.784375 0.5671875000000002
0 0.9984375 0.5609375000000001 0.725 0.5609375 0.7250000000000001 0.99375 0.9984375 0.99375
0 0.5046875 0.2890625000000001 0.4015625 0.2890625000000001 0.4015625 0.3125000000000001 0.5046875 0.3125000000000001
0 0.3546875000000001 0.5140625 0.2562500000000001 0.5140625 0.2562500000000001 0.6484375 0.3546875000000001 0.6484375
0 0.559375 0.19375000000000006 0.4828125 0.19375000000000003 0.4828125 0.2250000000000001 0.559375 0.2250000000000001
0 0.5921875 0.2468750000000001 0.528125 0.2468750000000001 0.528125 0.2750000000000001 0.5921875 0.2750000000000001
0 0.4125 0.34218750000000003 0.2671875 0.3421875 0.2671875 0.45625 0.4125 0.45625
0 0.4390625 0.24687500000000004 0.35625 0.246875 0.35625 0.29375000000000007 0.4390625 0.29375000000000007
0 0.7703125 0.2234375000000001 0.6515625 0.2234375000000001 0.6515625 0.3000000000000001 0.7703125 0.3000000000000001