0 0.803125 0.4203125000000001 0.5453125 0.4203125 0.5453125 0.6265625000000001 0.803125 0.6265625000000001
0 0.4296875 0.26406250000000003 0.3453125 0.2640625 0.3453125 0.30156250000000007 0.4296875 0.30156250000000007
0 0.5640625 0.3375000000000001 0.4765625 0.3375000000000001 0.4765625 0.4046875 0.5640625 0.4046875
0 0.503125 0.3000000000000001 0.4 0.3000000000000001 0.4 0.33281250000000007 0.503125 0.33281250000000007
0 0.3375000000000001 0.553125 0.2312500000000001 0.553125 0.2312500000000001 0.709375 0.3375000000000001 0.709375
0 0.25468750000000007 0.5078125 0.18906250000000005 0.5078125 0.18906250000000008 0.546875 0.25468750000000007 0.546875
0 0.10000000000000012 0.75625 9.26139141855186e-17 0.75625 1.0447768005225858e-16 0.95 0.10000000000000013 0.95
0 1 0.6328125000000002 0.8375 0.6328125000000002 0.8375 1 1 1
0 0.41875 0.3453125 0.2609375 0.3453125 0.26093750000000004 0.4515625 0.41875 0.4515625
0 0.5609375 0.19531250000000006 0.475 0.19531250000000006 0.475 0.23437500000000008 0.5609375 0.23437500000000008
0 0.7859375 0.2234375000000001 0.6546875 0.2234375000000001 0.6546875 0.31718750000000007 0.7859375 0.31718750000000007