0 0.36875 0.25312500000000004 0.2796875 0.253125 0.2796875 0.34218750000000003 0.36875 0.3421875000000001
0 0.7359375 8.22809568177128e-17 0.6078125 7.443556326067507e-17 0.6078125 0.048437500000000085 0.7359375 0.04843750000000009
0 0.4609375 0.36718750000000006 0.2968750000000001 0.3671875 0.2968750000000001 0.4875 0.4609375 0.4875
0 0.953125 1.0533875983290905e-16 0.7671875 9.3953371622086e-17 0.7671875 0.039062500000000104 0.953125 0.039062500000000125
0 0.3312500000000001 0.503125 0.13593750000000004 0.503125 0.13593750000000007 0.61875 0.3312500000000001 0.61875
0 0.046875000000000076 0.565625 0.0031250000000000696 0.565625 0.0031250000000000804 0.74375 0.04687500000000009 0.74375
0 0.6296875 0.028125000000000067 0.44375 0.028125000000000056 0.44375 0.14218750000000008 0.6296875 0.14218750000000008
0 0.640625 0.028125000000000067 0.4390625 0.028125000000000056 0.4390625 0.14375000000000007 0.640625 0.1437500000000001
0 0.83125 0.043750000000000094 0.7234375 0.04375000000000009 0.7234375 0.1359375000000001 0.83125 0.1359375000000001
0 0.2546875 0.09531250000000001 0.004687500000000011 0.0953125 0.004687500000000019 0.21875 0.2546875 0.21875
0 0.625 0.12031250000000007 0.45625 0.12031250000000004 0.45625 0.2765625000000001 0.625 0.2765625000000001
0 1 0.1828125000000001 0.8171875 0.1828125000000001 0.8171875 0.3375000000000001 1 0.3375000000000001