0 0.7203125 0.2531250000000001 0.63125 0.2531250000000001 0.63125 0.3421875000000001 0.7203125 0.3421875000000001
0 0.3921875 4.018372309702253e-17 0.2640625 3.2338329539984796e-17 0.2640625 0.048437500000000036 0.3921875 0.04843750000000004
0 0.703125 0.3671875000000001 0.5390625 0.3671875000000001 0.5390625 0.4875 0.703125 0.4875
0 0.234375 1.731727114419304e-17 0.0484375 5.931882933369992e-18 0.0484375 0.03906250000000002 0.234375 0.039062500000000035
0 0.865625 0.503125 0.6703125 0.503125 0.6703125 0.6187500000000001 0.865625 0.6187500000000001
0 0.9984375 0.5656250000000002 0.9546875 0.5656250000000002 0.9546875 0.7437500000000001 0.9984375 0.7437500000000001
0 0.5578125 0.028125000000000056 0.371875 0.028125000000000046 0.371875 0.14218750000000008 0.5578125 0.14218750000000008
0 0.5609375 0.028125000000000056 0.359375 0.028125000000000046 0.359375 0.14375000000000007 0.5609375 0.1437500000000001
0 0.278125 0.043750000000000025 0.1703125 0.043750000000000025 0.1703125 0.13593750000000002 0.278125 0.13593750000000004
0 0.996875 0.0953125000000001 0.746875 0.09531250000000009 0.746875 0.21875000000000008 0.996875 0.21875000000000008
0 0.54375 0.12031250000000004 0.375 0.12031250000000004 0.375 0.2765625000000001 0.54375 0.2765625000000001
0 0.18437500000000004 0.18281250000000002 0.0015625000000000222 0.1828125 0.001562500000000032 0.3375 0.18437500000000004 0.3375