0 0.603125 0.37187500000000007 0.5078125 0.37187500000000007 0.5078125 0.4140625 0.603125 0.4140625
0 0.4765625 0.453125 0.3390625000000001 0.453125 0.3390625000000001 0.5046875 0.4765625 0.5046875
0 1 0.7250000000000001 0.571875 0.725 0.5718750000000001 1 1 1
0 0.5765625 0.525 0.440625 0.525 0.440625 0.6625 0.5765625 0.6625
0 0.8609375 0.3421875000000001 0.66875 0.3421875000000001 0.66875 0.4828125000000001 0.8609375 0.4828125000000002
0 0.3828125000000001 0.37187500000000007 0.2500000000000001 0.371875 0.2500000000000001 0.45 0.3828125000000001 0.45
0 0.546875 0.2796875000000001 0.4515625 0.2796875000000001 0.4515625 0.3265625000000001 0.546875 0.3265625000000001
0 0.56875 0.2234375000000001 0.5203125 0.2234375000000001 0.5203125 0.2406250000000001 0.56875 0.2406250000000001
0 0.3296875000000001 0.559375 0.2828125000000001 0.559375 0.2828125000000001 0.5828125 0.3296875000000001 0.5828125
0 0.3515625000000001 0.5890625 0.06250000000000007 0.5890625 0.06250000000000008 0.875 0.3515625000000001 0.875
0 0.6609375 0.2718750000000001 0.6 0.2718750000000001 0.6 0.32500000000000007 0.6609375 0.32500000000000007