0 0.6 0.3703125000000001 0.503125 0.3703125000000001 0.503125 0.41875 0.6 0.41875
0 0.56875 0.5390625 0.415625 0.5390625 0.415625 0.696875 0.56875 0.696875
0 0.9578125 0.76875 0.6156250000000002 0.76875 0.6156250000000002 1 0.9578125 1
0 0.3593750000000001 0.36875 0.2234375000000001 0.36875 0.2234375000000001 0.4421875 0.3593750000000001 0.4421875
0 0.84375 0.3453125000000001 0.66875 0.3453125000000001 0.66875 0.4843750000000001 0.84375 0.48437500000000017
0 0.871875 0.4125000000000002 0.790625 0.4125000000000002 0.790625 0.4828125000000002 0.871875 0.4828125000000002
0 0.4671875 0.4578125 0.3109375000000001 0.4578125 0.3109375000000001 0.51875 0.4671875 0.51875
0 0.671875 0.2671875000000001 0.5953125 0.2671875000000001 0.5953125 0.3218750000000001 0.671875 0.3218750000000001
0 0.5265625 0.2671875000000001 0.4234375 0.2671875000000001 0.4234375 0.30937500000000007 0.5265625 0.30937500000000007
0 0.6171875 0.2296875000000001 0.5171875 0.2296875000000001 0.5171875 0.2671875000000001 0.6171875 0.2671875000000001
0 0.5390625 0.27812500000000007 0.453125 0.27812500000000007 0.453125 0.33281250000000007 0.5390625 0.33281250000000007
0 0.3312500000000001 0.5734375 0.014062500000000071 0.5734375 0.014062500000000094 0.9421875 0.3312500000000001 0.9421875