0 0.496875 0.3703125000000001 0.4 0.3703125000000001 0.4 0.41875 0.496875 0.41875
0 0.584375 0.5390625 0.43125 0.5390625 0.43125 0.696875 0.584375 0.696875
0 0.3843750000000001 0.76875 0.042187500000000086 0.76875 0.04218750000000011 1 0.3843750000000001 1
0 0.778125 0.3687500000000001 0.6421875 0.3687500000000001 0.6421875 0.44218750000000007 0.778125 0.4421875000000002
0 0.33281250000000007 0.3453125 0.15781250000000005 0.3453125 0.15781250000000005 0.484375 0.33281250000000007 0.484375
0 0.2093750000000001 0.4125 0.12812500000000004 0.4125 0.12812500000000004 0.4828125 0.2093750000000001 0.4828125
0 0.6890625 0.4578125 0.5328125 0.4578125 0.5328125 0.51875 0.6890625 0.51875
0 0.40625 0.2671875 0.3296875 0.2671875 0.3296875 0.321875 0.40625 0.3218750000000001
0 0.5765625 0.2671875000000001 0.4734375 0.2671875000000001 0.4734375 0.30937500000000007 0.5765625 0.30937500000000007
0 0.4828125 0.2296875000000001 0.3828125 0.2296875000000001 0.3828125 0.2671875000000001 0.4828125 0.2671875000000001
0 0.546875 0.27812500000000007 0.4609375 0.27812500000000007 0.4609375 0.33281250000000007 0.546875 0.33281250000000007
0 0.9859375 0.5734375 0.66875 0.5734375 0.6687500000000001 0.9421875 0.9859375 0.9421875