0 0.9828125 0.7734375000000001 0.6078125000000002 0.7734375 0.6078125000000002 1 0.9828125 1
0 0.559375 0.525 0.4109375 0.525 0.4109375 0.6890625 0.559375 0.6890625
0 0.659375 0.24218750000000008 0.59375 0.24218750000000008 0.59375 0.29375000000000007 0.659375 0.29375000000000007
0 0.4671875 0.4328125 0.3187500000000001 0.4328125 0.3187500000000001 0.475 0.4671875 0.475
0 0.5296875 0.23593750000000008 0.4265625 0.23593750000000008 0.4265625 0.2812500000000001 0.5296875 0.2812500000000001
0 0.35156250000000006 0.3375 0.221875 0.3375 0.22187500000000004 0.41875 0.3515625000000001 0.41875
0 0.5984375 0.3453125000000001 0.5015625 0.3453125000000001 0.5015625 0.3984375000000001 0.5984375 0.3984375000000001
0 0.8703125 0.3937500000000001 0.79375 0.3937500000000001 0.79375 0.4750000000000002 0.8703125 0.4750000000000002
0 0.2968750000000001 0.5484375 0.2453125000000001 0.5484375 0.2453125000000001 0.575 0.2968750000000001 0.575
0 0.30937500000000007 0.578125 7.079989307570636e-17 0.578125 9.385769609090263e-17 0.9546875 0.30937500000000007 0.9546875
0 0.80625 0.3359375000000001 0.6796875 0.3359375000000001 0.6796875 0.41093750000000007 0.80625 0.4109375000000002