0 0.3781250000000001 0.78125 0.0343750000000001 0.78125 0.034375000000000114 1 0.3781250000000001 1
0 0.784375 0.3109375000000001 0.653125 0.3109375000000001 0.653125 0.39531250000000007 0.784375 0.39531250000000007
0 0.4015625 0.21562500000000004 0.328125 0.215625 0.328125 0.27812500000000007 0.4015625 0.27812500000000007
0 0.2015625000000001 0.3703125 0.11406250000000004 0.3703125 0.11406250000000004 0.45625 0.2015625000000001 0.45625
0 0.590625 0.5078125 0.4375 0.5078125 0.4375 0.6921875 0.590625 0.6921875
0 0.4890625 0.17343750000000005 0.378125 0.17343750000000005 0.378125 0.2140625000000001 0.4890625 0.2140625000000001
0 0.4984375 0.3265625000000001 0.4 0.3265625000000001 0.4 0.3734375000000001 0.4984375 0.3734375000000001
0 0.69375 0.415625 0.5328125 0.415625 0.5328125 0.4609375 0.69375 0.4609375
0 0.32343750000000004 0.30625 0.16406250000000006 0.30625 0.16406250000000006 0.4296875 0.3234375000000001 0.4296875
0 0.58125 0.21093750000000008 0.4734375 0.21093750000000008 0.4734375 0.2531250000000001 0.58125 0.2531250000000001
0 1 0.5640625000000001 0.68125 0.5640625 0.6812500000000001 0.9484375 1 0.9484375