0 0.7890625 0.3031250000000001 0.65 0.3031250000000001 0.65 0.3937500000000001 0.7890625 0.3937500000000001
0 0.5953125 0.525 0.4234375 0.525 0.4234375 0.7203125 0.5953125 0.7203125
0 0.7125 0.421875 0.5359375 0.421875 0.5359375 0.4875 0.7125 0.4875
0 0.3062500000000001 0.8375 0.0125000000000001 0.8375 0.012500000000000112 1 0.3062500000000001 1
0 0.4890625 0.3203125000000001 0.3890625 0.3203125000000001 0.38906250000000003 0.37187500000000007 0.4890625 0.37187500000000007
0 0.30156250000000007 0.30625 0.16406250000000006 0.30625 0.16406250000000006 0.3875 0.30156250000000007 0.3875
0 0.571875 0.2015625000000001 0.45 0.2015625000000001 0.45 0.26250000000000007 0.571875 0.26250000000000007
0 0.4640625 0.15625000000000006 0.35625 0.15625000000000006 0.35625 0.20156250000000003 0.4640625 0.2015625000000001
0 0.390625 0.20937500000000003 0.31875 0.209375 0.31875 0.26250000000000007 0.390625 0.26250000000000007
0 0.16875000000000004 0.3828125 0.08593750000000004 0.3828125 0.08593750000000006 0.4765625 0.16875000000000004 0.4765625
0 1 0.5781250000000001 0.7015625 0.578125 0.7015625000000001 1 1 1