0 0.6078125 0.4640625 0.5421875 0.4640625 0.5421875 0.571875 0.6078125 0.571875
0 0.3625000000000001 0.484375 0.2640625000000001 0.484375 0.2640625000000001 0.603125 0.3625000000000001 0.603125
0 0.5375000000000001 0.578125 0.3828125000000001 0.578125 0.3828125000000001 0.7734375 0.5375000000000002 0.7734375
0 0.5625000000000002 0.8 0.44843750000000016 0.8 0.44843750000000016 0.953125 0.5625000000000002 0.953125
0 0.9984375 0.05156250000000012 0.8203125 0.05156250000000011 0.8203125 0.18593750000000012 0.9984375 0.18593750000000014
0 0.5546875 0.16093750000000007 0.4359375 0.16093750000000004 0.4359375 0.2234375000000001 0.5546875 0.2234375000000001
0 0.2796875 0.16562500000000005 0.2125 0.16562500000000005 0.2125 0.2484375 0.2796875 0.2484375
0 0.2109375 0.23125 0.14843750000000006 0.23125 0.14843750000000006 0.2796875 0.2109375 0.2796875
0 0.625 0.3453125000000001 0.5484375 0.3453125000000001 0.5484375 0.4296875 0.625 0.4296875
0 0.75625 0.3359375000000001 0.665625 0.3359375000000001 0.665625 0.4437500000000001 0.75625 0.4437500000000002
0 0.27968750000000003 0.3453125 0.10312500000000005 0.3453125 0.10312500000000005 0.434375 0.2796875000000001 0.434375