0 0.054687500000000076 0.5796875 7.099124413807313e-17 0.5796875 7.55836696348757e-17 0.6546875 0.05468750000000009 0.6546875
0 0.4828125 0.2390625000000001 0.4234375 0.2390625000000001 0.4234375 0.2687500000000001 0.4828125 0.2687500000000001
0 0.478125 0.5703125 0.3109375000000001 0.5703125 0.3109375000000001 0.703125 0.478125 0.703125
0 0.6046875 0.3375000000000001 0.4640625 0.3375000000000001 0.4640625 0.403125 0.6046875 0.403125
0 0.9671875 0.5781250000000001 0.7078125 0.578125 0.7078125000000001 0.7859375000000001 0.9671875 0.7859375000000002
0 0.3609375000000001 0.378125 0.2796875000000001 0.378125 0.2796875000000001 0.434375 0.3609375000000001 0.434375
0 0.35468750000000004 0.33125 0.2828125 0.33125 0.2828125 0.3796875 0.3546875000000001 0.3796875
0 0.465625 0.2953125000000001 0.371875 0.2953125000000001 0.371875 0.3343750000000001 0.465625 0.3343750000000001
0 0.578125 0.2375000000000001 0.5296875 0.2375000000000001 0.5296875 0.2843750000000001 0.578125 0.2843750000000001
0 0.696875 0.2656250000000001 0.6296875 0.2656250000000001 0.6296875 0.31718750000000007 0.696875 0.31718750000000007
0 0.7671875 0.2390625000000001 0.7046875 0.2390625000000001 0.7046875 0.3031250000000001 0.7671875 0.3031250000000001