0 1 0.5796875000000001 0.9453125 0.5796875000000001 0.9453125 0.6546875000000002 1 0.6546875000000002
0 0.5765625 0.2390625000000001 0.5171875 0.2390625000000001 0.5171875 0.2687500000000001 0.5765625 0.2687500000000001
0 0.6890625 0.5703125 0.521875 0.5703125 0.521875 0.703125 0.6890625 0.703125
0 0.5375 0.3375000000000001 0.396875 0.3375000000000001 0.39687500000000003 0.403125 0.5375 0.403125
0 0.29375000000000007 0.578125 0.034375000000000065 0.578125 0.034375000000000086 0.7859375 0.29375000000000007 0.7859375
0 0.7203125 0.3781250000000001 0.6390625 0.3781250000000001 0.6390625 0.434375 0.7203125 0.434375
0 0.7171875 0.3312500000000001 0.6453125 0.3312500000000001 0.6453125 0.37968750000000007 0.7171875 0.37968750000000007
0 0.628125 0.2953125000000001 0.534375 0.2953125000000001 0.534375 0.3343750000000001 0.628125 0.3343750000000001
0 0.471875 0.2375000000000001 0.4234375 0.2375000000000001 0.4234375 0.2843750000000001 0.471875 0.2843750000000001
0 0.371875 0.26562500000000006 0.3046875 0.265625 0.3046875 0.31718750000000007 0.371875 0.31718750000000007
0 0.296875 0.2390625 0.234375 0.2390625 0.234375 0.303125 0.296875 0.303125