0 1 0.06718750000000012 0.946875 0.06718750000000011 0.946875 0.2890625000000001 1 0.2890625000000001
0 0.403125 0.14531250000000004 0.3109375 0.14531250000000004 0.31093750000000003 0.425 0.403125 0.425
0 0.978125 0.3359375000000001 0.89375 0.3359375000000001 0.89375 0.4859375000000002 0.978125 0.4859375000000002
0 0.07187500000000005 0.3625 4.4393446469091554e-17 0.3625 5.5300457023997667e-17 0.540625 0.07187500000000006 0.540625
0 0.19218750000000007 0.3578125 0.08437500000000005 0.3578125 0.08437500000000006 0.5578125 0.1921875000000001 0.5578125
0 0.3046875000000001 0.4015625 0.20312500000000008 0.4015625 0.20312500000000008 0.525 0.3046875000000001 0.525
0 0.565625 0.4421875 0.428125 0.4421875 0.428125 0.5875 0.565625 0.5875
0 0.8703125 0.4546875000000002 0.821875 0.4546875000000002 0.821875 0.5890625000000002 0.8703125 0.5890625000000002
0 0.4125 0.4921875 0.3156250000000001 0.4921875 0.3156250000000001 0.615625 0.4125 0.615625
0 0.7750000000000001 0.7390625000000001 0.7093750000000002 0.7390625 0.7093750000000002 0.971875 0.7750000000000001 0.971875
0 0.6296875000000002 0.7859375 0.5234375000000002 0.7859375 0.5234375000000002 0.9734375 0.6296875000000002 0.9734375
0 0.7062500000000002 0.8828125 0.6484375000000002 0.8828125 0.6484375000000002 0.9984375 0.7062500000000002 0.9984375