0 0.9734375 0.09218750000000012 0.8671875 0.09218750000000012 0.8671875 0.3046875000000001 0.9734375 0.3046875000000001
0 0.34062500000000007 0.16875000000000004 0.253125 0.16875000000000004 0.25312500000000004 0.4390625 0.34062500000000007 0.4390625
0 0.8984375 0.3546875000000001 0.815625 0.3546875000000001 0.815625 0.5000000000000002 0.8984375 0.5000000000000002
0 0.021875000000000054 0.378125 4.63069570927593e-17 0.378125 5.692694105411524e-17 0.5515625 0.021875000000000068 0.5515625
0 0.13593750000000007 0.375 0.03281250000000004 0.375 0.03281250000000006 0.5671875 0.1359375000000001 0.5671875
0 0.2453125000000001 0.4171875 0.14687500000000003 0.4171875 0.14687500000000003 0.5359375 0.2453125000000001 0.5359375
0 0.4984375 0.4578125 0.36406250000000007 0.4578125 0.36406250000000007 0.596875 0.4984375 0.596875
0 0.7921875 0.4703125000000002 0.74375 0.4703125000000002 0.74375 0.5984375000000002 0.7921875 0.5984375000000002
0 0.34843750000000007 0.5046875 0.25468750000000007 0.5046875 0.25468750000000007 0.6234375 0.34843750000000007 0.6234375
0 0.7000000000000002 0.74375 0.6375000000000002 0.74375 0.6375000000000002 0.9671875 0.7000000000000002 0.9671875
0 0.5609375000000002 0.7875 0.4578125000000002 0.7875 0.4578125000000002 0.9703125 0.5609375000000002 0.9703125
0 0.9765625 0.8546875 0.9234375 0.8546875 0.9234375 0.965625 0.9765625 0.965625
0 0.6343750000000001 0.8796875 0.5781250000000002 0.8796875 0.5781250000000002 0.9984375 0.6343750000000001 0.9984375