0 0.271875 0.13906250000000003 0.134375 0.1390625 0.13437500000000002 0.184375 0.271875 0.18437500000000004
0 0.18750000000000006 0.2359375 0.031250000000000035 0.2359375 0.031250000000000035 0.303125 0.18750000000000006 0.303125
0 0.446875 0.2828125 0.2828125 0.2828125 0.2828125 0.34375000000000006 0.446875 0.3437500000000001
0 0.6828125 0.27812500000000007 0.4578125 0.27812500000000007 0.4578125 0.3578125000000001 0.6828125 0.3578125000000001
0 0.8234375 0.3062500000000001 0.7765625 0.3062500000000001 0.7765625 0.3593750000000001 0.8234375 0.3593750000000001
0 0.7859375 0.3546875000000001 0.7078125 0.3546875000000001 0.7078125 0.39531250000000007 0.7859375 0.39531250000000007
0 0.6828125 0.3578125000000001 0.521875 0.3578125000000001 0.521875 0.425 0.6828125 0.425
0 0.709375 0.4546875 0.475 0.4546875 0.475 0.5828125 0.709375 0.5828125
0 0.603125 0.65 0.5390625 0.65 0.5390625 0.68125 0.603125 0.68125
0 0.6281250000000002 0.8171875 0.4625000000000002 0.8171875 0.4625000000000002 0.8875 0.6281250000000002 0.8875
0 0.3125000000000001 0.7984375 9.778039286942148e-17 0.7984375 1.0591281302000936e-16 0.93125 0.3125000000000001 0.93125
0 1 0.859375 0.7015625000000002 0.859375 0.7015625000000002 1 1 1
0 0.46406250000000016 0.9078125 0.2906250000000001 0.9078125 0.2906250000000001 1 0.46406250000000016 1