0 0.8953125 0.07500000000000011 0.846875 0.07500000000000011 0.846875 0.10937500000000008 0.8953125 0.10937500000000008
0 0.6359375 0.10468750000000009 0.5828125 0.10468750000000009 0.5828125 0.12656250000000008 0.6359375 0.12656250000000008
0 0.7171875 0.13437500000000008 0.640625 0.13437500000000008 0.640625 0.1703125000000001 0.7171875 0.1703125000000001
0 0.575 0.17968750000000006 0.54375 0.17968750000000006 0.54375 0.19375000000000006 0.575 0.1937500000000001
0 1 0.14687500000000014 0.934375 0.14687500000000014 0.934375 0.22656250000000008 1 0.22656250000000008
0 0.9234375 0.2015625000000001 0.878125 0.2015625000000001 0.878125 0.23593750000000008 0.9234375 0.23593750000000008
0 0.7234375 0.25468750000000007 0.665625 0.25468750000000007 0.665625 0.3156250000000001 0.7234375 0.3156250000000001
0 1 0.3265625000000001 0.9109375 0.3265625000000001 0.9109375 0.3671875000000001 1 0.3671875000000001
0 0.490625 0.37812500000000004 0.3625000000000001 0.378125 0.3625000000000001 0.4296875 0.490625 0.4296875
0 0.2812500000000001 0.4625 0.14375000000000004 0.4625 0.14375000000000007 0.5453125 0.2812500000000001 0.5453125
0 0.6234375 0.45 0.40625 0.45 0.40625 0.5640625 0.6234375 0.5640625
0 0.8765625 0.6328125000000002 0.76875 0.6328125000000002 0.76875 0.7171875000000002 0.8765625 0.7171875000000002
0 0.2796875000000001 0.628125 0.1062500000000001 0.628125 0.1062500000000001 0.7578125 0.2796875000000001 0.7578125