0 0.1984375 0.13125000000000003 0.1546875 0.13125 0.1546875 0.1609375 0.1984375 0.16093750000000004
0 0.425 0.15625000000000006 0.3796875 0.15625000000000006 0.3796875 0.17656250000000004 0.425 0.17656250000000004
0 0.3765625 0.18125000000000005 0.309375 0.18125000000000005 0.309375 0.21250000000000005 0.3765625 0.21250000000000008
0 0.459375 0.22031250000000008 0.4328125 0.22031250000000008 0.4328125 0.2328125000000001 0.459375 0.2328125000000001
0 0.11875000000000005 0.19375 0.029687500000000023 0.19375 0.029687500000000026 0.259375 0.11875000000000005 0.259375
0 0.16875000000000004 0.240625 0.13125000000000003 0.240625 0.13125000000000003 0.2703125 0.16875000000000004 0.2703125
0 0.353125 0.2859375 0.3 0.2859375 0.3 0.3390625 0.353125 0.3390625
0 0.14218750000000005 0.35 0.06562500000000004 0.35 0.06562500000000004 0.3828125 0.14218750000000005 0.3828125
0 0.6171875 0.3937500000000001 0.503125 0.3937500000000001 0.503125 0.4375 0.6171875 0.4375
0 0.80625 0.4671875000000001 0.6875 0.4671875 0.6875 0.5375000000000001 0.80625 0.5375000000000002
0 0.578125 0.45625 0.3906250000000001 0.45625 0.3906250000000001 0.5546875 0.578125 0.5546875
0 0.2640625000000001 0.6140625 0.1703125000000001 0.6140625 0.1703125000000001 0.6859375 0.2640625000000001 0.6859375
0 0.8390625 0.6093750000000001 0.6890625 0.609375 0.6890625 0.7203125000000001 0.8390625 0.7203125000000001