0 0.846875 0.1312500000000001 0.803125 0.1312500000000001 0.803125 0.1609375000000001 0.846875 0.1609375000000001
0 0.6203125 0.15625000000000008 0.575 0.15625000000000008 0.575 0.1765625000000001 0.6203125 0.1765625000000001
0 0.6921875 0.18125000000000008 0.625 0.18125000000000008 0.625 0.21250000000000008 0.6921875 0.21250000000000008
0 0.5671875 0.22031250000000008 0.540625 0.22031250000000008 0.540625 0.2328125000000001 0.5671875 0.2328125000000001
0 0.971875 0.19375000000000012 0.8828125 0.1937500000000001 0.8828125 0.2593750000000001 0.971875 0.2593750000000001
0 0.8703125 0.2406250000000001 0.8328125 0.2406250000000001 0.8328125 0.27031250000000007 0.8703125 0.27031250000000007
0 0.7 0.28593750000000007 0.646875 0.28593750000000007 0.646875 0.3390625000000001 0.7 0.3390625000000001
0 0.9359375 0.3500000000000001 0.859375 0.3500000000000001 0.859375 0.3828125000000001 0.9359375 0.3828125000000001
0 0.496875 0.3937500000000001 0.3828125000000001 0.3937500000000001 0.3828125000000001 0.4375 0.496875 0.4375
0 0.3140625000000001 0.4671875 0.19531250000000006 0.4671875 0.19531250000000006 0.5375 0.3140625000000001 0.5375
0 0.609375 0.45625 0.421875 0.45625 0.421875 0.5546875 0.609375 0.5546875
0 0.8296875 0.6140625000000002 0.7359375 0.6140625000000002 0.7359375 0.6859375000000002 0.8296875 0.6859375000000002
0 0.3125000000000001 0.609375 0.1625000000000001 0.609375 0.1625000000000001 0.7203125 0.3125000000000001 0.7203125