0 0.153125 0.07500000000000002 0.1046875 0.07500000000000002 0.1046875 0.109375 0.153125 0.109375
0 0.4171875 0.10468750000000004 0.3640625 0.10468750000000004 0.3640625 0.12656250000000005 0.4171875 0.12656250000000005
0 0.3609375 0.13437500000000005 0.284375 0.13437500000000005 0.284375 0.17031250000000003 0.3609375 0.17031250000000003
0 0.4578125 0.17968750000000006 0.4265625 0.17968750000000006 0.4265625 0.19375000000000003 0.4578125 0.19375000000000003
0 0.06562500000000002 0.146875 1.798699986247675e-17 0.146875 2.2866451952829482e-17 0.2265625 0.06562500000000002 0.2265625
0 0.12343750000000005 0.2015625 0.07812500000000003 0.2015625 0.07812500000000003 0.2359375 0.12343750000000005 0.2359375
0 0.334375 0.2546875 0.2765625 0.2546875 0.2765625 0.315625 0.334375 0.315625
0 0.09062500000000004 0.3265625 0.0015625000000000402 0.3265625 0.0015625000000000426 0.3671875 0.09062500000000004 0.3671875
0 0.6375 0.3781250000000001 0.509375 0.3781250000000001 0.509375 0.4296875 0.6375 0.4296875
0 0.8578125 0.4625000000000001 0.7203125 0.4625 0.7203125 0.5453125000000001 0.8578125 0.5453125000000002
0 0.5953125 0.45 0.3781250000000001 0.45 0.3781250000000001 0.5640625 0.5953125 0.5640625
0 0.2328125000000001 0.6328125 0.12500000000000008 0.6328125 0.12500000000000008 0.7171875 0.2328125000000001 0.7171875
0 0.8953125 0.628125 0.721875 0.628125 0.721875 0.7578125000000001 0.8953125 0.7578125000000002