0 0.4453125 0.2875000000000001 0.3796875 0.2875000000000001 0.3796875 0.3140625000000001 0.4453125 0.3140625000000001
0 0.4203125 0.3281250000000001 0.3765625 0.3281250000000001 0.3765625 0.3515625000000001 0.4203125 0.3515625000000001
0 0.36562500000000003 0.34843750000000007 0.3203125 0.3484375 0.32031250000000006 0.37812500000000004 0.3656250000000001 0.3781250000000001
0 0.803125 0.3203125000000001 0.571875 0.3203125000000001 0.571875 0.4437500000000001 0.803125 0.4437500000000002
0 0.4796875 0.38750000000000007 0.3968750000000001 0.38750000000000007 0.3968750000000001 0.4390625 0.4796875 0.4390625
0 0.440625 0.446875 0.3625000000000001 0.446875 0.3625000000000001 0.5203125 0.440625 0.5203125
0 0.6421875000000001 0.678125 0.3984375000000001 0.678125 0.3984375000000001 0.9203125 0.6421875000000001 0.9203125
0 0.478125 0.16250000000000003 0.4203125 0.16250000000000003 0.4203125 0.18906250000000005 0.478125 0.18906250000000005
0 0.5171875 0.19531250000000006 0.440625 0.19531250000000006 0.440625 0.21875000000000008 0.5171875 0.21875000000000008
0 0.4921875 0.2406250000000001 0.421875 0.2406250000000001 0.421875 0.2718750000000001 0.4921875 0.2718750000000001
0 0.6265625 0.2500000000000001 0.5765625 0.2500000000000001 0.5765625 0.2718750000000001 0.6265625 0.2718750000000001