0 0.6125 0.3062500000000001 0.5453125 0.3062500000000001 0.5453125 0.3390625000000001 0.6125 0.3390625000000001
0 0.6203125 0.35625000000000007 0.56875 0.35625000000000007 0.56875 0.3812500000000001 0.6203125 0.3812500000000001
0 0.6828125 0.3687500000000001 0.6328125 0.3687500000000001 0.6328125 0.4171875 0.6828125 0.4171875
0 0.39843750000000006 0.33437500000000003 0.13281250000000006 0.334375 0.13281250000000006 0.503125 0.3984375000000001 0.503125
0 0.6015625 0.4375 0.49375 0.4375 0.49375 0.5 0.6015625 0.5
0 0.6140625 0.5140625 0.5328125 0.5140625 0.5328125 0.615625 0.6140625 0.615625
0 0.49531250000000016 0.8515625 0.2468750000000001 0.8515625 0.2468750000000001 1 0.49531250000000016 1
0 0.5828125 0.15781250000000008 0.5125 0.15781250000000005 0.5125 0.18281250000000007 0.5828125 0.1828125000000001
0 0.5578125 0.19218750000000007 0.4765625 0.19218750000000004 0.4765625 0.22031250000000008 0.5578125 0.22031250000000008
0 0.584375 0.24375000000000008 0.509375 0.24375000000000008 0.509375 0.2796875000000001 0.584375 0.2796875000000001
0 0.4078125 0.2515625 0.3484375 0.2515625 0.3484375 0.2828125 0.4078125 0.2828125000000001