0 0.3281250000000001 0.5578125 0.3062500000000001 0.5578125 0.3062500000000001 0.5640625 0.3281250000000001 0.5640625
0 0.3734375000000001 0.5453125 0.3656250000000001 0.5453125 0.3656250000000001 0.5484375 0.3734375000000001 0.5484375
0 0.4421875 0.5796875 0.421875 0.5796875 0.421875 0.584375 0.4421875 0.584375
0 0.4625 0.534375 0.4546875 0.534375 0.4546875 0.5375 0.4625 0.5375
0 0.4953125 0.5390625 0.4875 0.5390625 0.4875 0.5421875 0.4953125 0.5421875
0 0.5109375 0.5671875 0.50625 0.5671875 0.50625 0.5703125 0.5109375 0.5703125
0 0.5078125 0.56875 0.5015625 0.56875 0.5015625 0.571875 0.5078125 0.571875
0 0.5109375 0.6046875 0.49375 0.6046875 0.49375 0.6109375 0.5109375 0.6109375
0 0.5234375 0.621875 0.48125 0.621875 0.48125 0.6453125 0.5234375 0.6453125
0 0.5421875 0.646875 0.496875 0.646875 0.496875 0.6671875 0.5421875 0.6671875
0 0.4078125 0.65625 0.37187500000000007 0.65625 0.37187500000000007 0.66875 0.4078125 0.66875