0 0.7328125 0.5796875000000001 0.6375 0.5796875 0.6375 0.6171875000000001 0.7328125 0.6171875000000002
0 0.6453125 0.53125 0.6046875 0.53125 0.6046875 0.553125 0.6453125 0.553125
0 0.4703125 0.5671875 0.4125 0.5671875 0.4125 0.60625 0.4703125 0.60625
0 0.3593750000000001 0.584375 0.3156250000000001 0.584375 0.3156250000000001 0.6046875 0.3593750000000001 0.6046875
0 0.2984375000000001 0.5921875 0.27031250000000007 0.5921875 0.27031250000000007 0.6078125 0.2984375000000001 0.6078125
0 0.3203125000000001 0.571875 0.2968750000000001 0.571875 0.2968750000000001 0.5828125 0.3203125000000001 0.5828125
0 0.3968750000000001 0.490625 0.3750000000000001 0.490625 0.3750000000000001 0.5015625 0.3968750000000001 0.5015625
0 0.434375 0.4703125 0.4109375 0.4703125 0.4109375 0.4890625 0.434375 0.4890625
0 0.3781250000000001 0.48125 0.3578125000000001 0.48125 0.3578125000000001 0.4875 0.3781250000000001 0.4875
0 0.3750000000000001 0.4734375 0.3593750000000001 0.4734375 0.3593750000000001 0.478125 0.3750000000000001 0.478125
0 0.3734375000000001 0.5171875 0.3531250000000001 0.5171875 0.3531250000000001 0.528125 0.3734375000000001 0.528125