0 0.5328125000000001 0.6640625 0.30937500000000007 0.6640625 0.30937500000000007 0.7703125 0.5328125000000001 0.7703125
0 0.7218750000000002 0.7859375 0.5921875000000002 0.7859375 0.5921875000000002 0.90625 0.7218750000000002 0.90625
0 0.6328125 0.60625 0.5171875 0.60625 0.5171875 0.6703125 0.6328125 0.6703125
0 0.590625 0.54375 0.4984375 0.54375 0.4984375 0.5953125 0.590625 0.5953125
0 0.478125 0.584375 0.3828125000000001 0.584375 0.3828125000000001 0.6359375 0.478125 0.6359375
0 0.4609375 0.490625 0.3750000000000001 0.490625 0.3750000000000001 0.525 0.4609375 0.525
0 0.6984375 0.459375 0.5359375 0.459375 0.5359375 0.5 0.6984375 0.5
0 0.7734375 0.49687500000000007 0.675 0.496875 0.675 0.5375000000000001 0.7734375 0.5375000000000002
0 0.571875 0.4203125 0.484375 0.4203125 0.484375 0.446875 0.571875 0.446875
0 0.15625000000000008 0.6140625 7.520096751014216e-17 0.6140625 8.065447278759521e-17 0.703125 0.15625000000000008 0.703125
0 0.17968750000000008 0.5609375 0.07968750000000006 0.5609375 0.07968750000000006 0.6046875 0.17968750000000008 0.6046875
0 0.23593750000000008 0.5140625 0.12187500000000004 0.5140625 0.12187500000000007 0.565625 0.23593750000000008 0.565625
0 0.2796875000000001 0.45625 0.21250000000000008 0.45625 0.21250000000000008 0.4796875 0.2796875000000001 0.4796875
0 0.3468750000000001 0.4234375 0.2765625000000001 0.4234375 0.2765625000000001 0.446875 0.3468750000000001 0.446875
0 0.3218750000000001 0.3796875 0.2140625000000001 0.3796875 0.2140625000000001 0.409375 0.3218750000000001 0.409375
0 0.4484375 0.3375 0.3453125 0.3375 0.3453125 0.36406250000000007 0.4484375 0.36406250000000007
0 0.38750000000000007 0.36406250000000007 0.3218750000000001 0.3640625 0.3218750000000001 0.384375 0.38750000000000007 0.3843750000000001
0 0.540625 0.3781250000000001 0.4828125 0.3781250000000001 0.4828125 0.3984375000000001 0.540625 0.3984375000000001