0 0.3046875000000001 0.4640625 0.2562500000000001 0.4640625 0.2562500000000001 0.5015625 0.3046875000000001 0.5015625
0 0.646875 0.4171875 0.5796875 0.4171875 0.5796875 0.4546875 0.646875 0.4546875
0 0.5734375 0.3500000000000001 0.54375 0.3500000000000001 0.54375 0.3703125000000001 0.5734375 0.3703125000000001
0 0.465625 0.3203125000000001 0.403125 0.3203125000000001 0.403125 0.3468750000000001 0.465625 0.3468750000000001
0 0.54375 0.428125 0.4765625 0.428125 0.4765625 0.478125 0.54375 0.478125
0 0.596875 0.3000000000000001 0.5625 0.3000000000000001 0.5625 0.3296875000000001 0.596875 0.3296875000000001
0 0.6420535033124503 0.4510002982653668 0.6404067251029594 0.4224628466825299 0.580195863817053 0.4259373662643674 0.5818426420265438 0.4544748178472043
0 0.5495877985956961 0.4745854442311158 0.539811505943087 0.42245758253715693 0.4610320945797481 0.43723222618185353 0.4708083872323571 0.4893600878758124
0 0.5782176754911258 0.35586708435891995 0.549642875423562 0.34684132747522545 0.5414129033602264 0.3728967385949621 0.5699877034277901 0.38192249547865653
0 0.5973655171875 0.31805555625000004 0.5714277191278383 0.29679987371453204 0.5563682152077868 0.315176624068476 0.5823060132674484 0.336432306603944
0 0.46684090468750006 0.32500000000000007 0.40389286406249997 0.32500000000000007 0.40389286406249997 0.3527777765625001 0.46684090468750006 0.3527777765625001
0 0.49331878020226283 0.30435051704741845 0.48464607878197813 0.2870092283190714 0.46502138364990964 0.29682390380315615 0.4736940850701942 0.3141651925315032
0 0.3126403889665903 0.46925563025688855 0.2696059880773017 0.45013376333077615 0.2538986962477812 0.48548354879307143 0.29693309713706983 0.5046054157191838