0 0.464062 0.514062 0.200000 0.514062 0.200000 0.710938 0.464062 0.710938
0 0.893750 0.714063 0.456250 0.714063 0.456250 0.990625 0.893750 0.990625
0 0.364063 0.876563 0.034375 0.876563 0.034375 0.996875 0.364063 0.996875
0 0.160938 0.676562 0.003125 0.676562 0.003125 0.814063 0.160938 0.814063
0 0.854688 0.373438 0.464062 0.373438 0.464062 0.537500 0.854688 0.537500
0 0.390625 0.350000 0.237500 0.350000 0.237500 0.417187 0.390625 0.417187
0 0.193750 0.387500 0.053125 0.387500 0.053125 0.487500 0.193750 0.487500
0 0.053125 0.482812 0.003125 0.482812 0.003125 0.543750 0.053125 0.543750
0 0.450000 0.157813 0.296875 0.157813 0.296875 0.210938 0.450000 0.210938
0 0.614062 0.246875 0.423438 0.246875 0.423438 0.310938 0.614062 0.310938
0 0.640625 0.200000 0.556250 0.200000 0.556250 0.237500 0.640625 0.237500
0 0.881250 0.193750 0.687500 0.193750 0.687500 0.264063 0.881250 0.264063
0 0.357812 0.106250 0.257812 0.106250 0.257812 0.143750 0.357812 0.143750
0 0.479687 0.087500 0.346875 0.087500 0.346875 0.128125 0.479687 0.128125
0 0.784375 0.123438 0.537500 0.123438 0.537500 0.190625 0.784375 0.190625
0 0.340625 0.032813 0.160938 0.032813 0.160938 0.103125 0.340625 0.103125
0 0.501563 0.317188 0.364063 0.317188 0.364063 0.370313 0.501563 0.370313
0 0.343750 0.264062 0.281250 0.264062 0.281250 0.301563 0.343750 0.301563
0 1.000000 0.656250 0.917188 0.656250 0.917188 0.762500 1.000000 0.762500
0 0.218750 0.173438 0.056250 0.173437 0.056250 0.331250 0.218750 0.331250
0 0.913904 0.719556 0.448845 0.670591 0.417978 0.963759 0.883037 1.000000
0 0.461293 0.526961 0.196502 0.516367 0.188335 0.720485 0.453126 0.731079
0 0.312232 0.909722 0.024863 0.909722 0.024863 1.000000 0.312232 1.000000
0 0.149112 0.775202 0.114266 0.678884 0.000000 0.720975 0.032772 0.817292
0 0.042914 0.484722 0.006445 0.484722 0.006445 0.544444 0.042914 0.544444
0 0.189479 0.430469 0.127842 0.361419 0.036045 0.443361 0.097683 0.512411
0 0.389380 0.404279 0.378755 0.340541 0.234869 0.364528 0.245495 0.428266
0 0.857101 0.520667 0.851599 0.366647 0.457306 0.380733 0.462808 0.534752
0 0.487253 0.319444 0.365060 0.319444 0.365060 0.375000 0.487253 0.375000
0 0.153999 0.266667 0.147056 0.245833 0.086651 0.265964 0.093594 0.286797
0 0.190233 0.311488 0.180488 0.283478 0.120602 0.304312 0.130347 0.332323
0 0.156776 0.213889 0.153186 0.184275 0.080326 0.193109 0.083917 0.222722
0 0.346812 0.274851 0.282338 0.263002 0.276513 0.294700 0.340986 0.306549
0 0.610723 0.271509 0.429913 0.241367 0.419025 0.306681 0.599835 0.336824
0 0.451151 0.162500 0.284524 0.162500 0.284524 0.223611 0.451151 0.223611
0 0.361541 0.137042 0.345669 0.087169 0.252907 0.116691 0.268779 0.166564
0 0.485865 0.079167 0.353952 0.079167 0.353952 0.133333 0.485865 0.133333
0 0.340066 0.030556 0.167885 0.030556 0.167885 0.109722 0.340066 0.109722
0 0.998243 0.768056 0.992556 0.656944 0.914674 0.660931 0.920361 0.772042
0 0.705733 0.345804 0.644275 0.323036 0.631674 0.357051 0.693132 0.379819
0 0.773907 0.282909 0.708034 0.280556 0.707056 0.307951 0.772929 0.310304
0 0.859387 0.348611 0.779828 0.322085 0.766908 0.360833 0.846468 0.387359
0 0.995466 0.397222 0.930204 0.397222 0.930204 0.469444 0.995466 0.469444
0 0.892398 0.203045 0.691779 0.193639 0.688328 0.267240 0.888947 0.276646
0 0.810806 0.158388 0.538240 0.112525 0.528207 0.172156 0.800772 0.218019