0 0.237500 0.453125 0.176563 0.453125 0.176563 0.506250 0.237500 0.506250
0 0.506250 0.317188 0.254688 0.317188 0.254688 0.390625 0.506250 0.390625
0 0.996875 0.484375 0.759375 0.484375 0.759375 0.773438 0.996875 0.773438
0 1.000000 0.785938 0.900000 0.785938 0.900000 0.995313 1.000000 0.995313
0 0.626563 0.710938 0.254688 0.710938 0.254688 0.976562 0.626563 0.976562
0 0.282813 0.653125 0.204688 0.653125 0.204688 0.726562 0.282813 0.726562
0 0.542188 0.496875 0.412500 0.496875 0.412500 0.576562 0.542188 0.576562
0 0.645312 0.603125 0.584375 0.603125 0.584375 0.643750 0.645312 0.643750
0 0.693750 0.393750 0.632812 0.393750 0.632812 0.437500 0.693750 0.437500
0 0.354688 0.414062 0.242188 0.414062 0.242188 0.481250 0.354688 0.481250
0 0.304688 0.506250 0.257813 0.506250 0.257813 0.540625 0.304688 0.540625
0 0.192188 0.582812 0.135938 0.582812 0.135938 0.640625 0.192188 0.640625
0 0.232813 0.746875 0.171875 0.746875 0.171875 0.806250 0.232813 0.806250
0 0.703125 0.296875 0.532813 0.296875 0.532813 0.340625 0.703125 0.340625
0 1.000000 0.651080 0.833684 0.478881 0.726723 0.588191 0.902703 0.760390
0 1.000000 0.964931 0.910623 0.606948 0.772508 0.670730 0.937825 1.000000
0 0.686594 0.858607 0.603985 0.651195 0.189252 0.816376 0.271861 1.000000
0 0.648381 0.597222 0.580350 0.597222 0.580350 0.658333 0.648381 0.658333
0 0.702267 0.425374 0.660896 0.381422 0.620844 0.419122 0.662215 0.463074
0 0.715499 0.338038 0.711432 0.288915 0.522753 0.304537 0.526820 0.353661
0 0.518425 0.370441 0.508730 0.298342 0.237409 0.334826 0.247104 0.406925
0 0.352353 0.447525 0.330401 0.403338 0.224384 0.456005 0.246335 0.500193
0 0.245967 0.479320 0.190602 0.455098 0.167184 0.508625 0.222549 0.532847
0 0.540947 0.502346 0.414253 0.491377 0.407353 0.571076 0.534046 0.582045
0 0.187771 0.588889 0.140485 0.588889 0.140485 0.638889 0.187771 0.638889
0 0.291045 0.669647 0.230662 0.646171 0.203925 0.714943 0.264308 0.738419
0 0.229858 0.744315 0.181097 0.736463 0.169537 0.808248 0.218298 0.816100
0 0.305952 0.510332 0.269185 0.495353 0.246814 0.550268 0.283580 0.565246