0 0.6109375 0.17031250000000006 0.5328125 0.17031250000000003 0.5328125 0.21093750000000008 0.6109375 0.21093750000000008
0 0.5625 0.10312500000000006 0.4953125 0.10312500000000005 0.4953125 0.14375000000000007 0.5625 0.1437500000000001
0 0.6328125 0.3968750000000001 0.546875 0.3968750000000001 0.546875 0.4875 0.6328125 0.4875
0 0.7828125 0.3437500000000001 0.6734375 0.3437500000000001 0.6734375 0.43437500000000007 0.7828125 0.4343750000000002
0 0.86875 0.6906250000000002 0.78125 0.6906250000000002 0.7812500000000001 0.7875000000000002 0.86875 0.7875000000000002
0 0.528125 0.5703125 0.4265625 0.5703125 0.4265625 0.653125 0.528125 0.653125
0 0.346875 0.3140625 0.30625 0.3140625 0.30625 0.3515625 0.346875 0.3515625
0 0.315625 0.28125 0.2765625 0.28125 0.2765625 0.3203125 0.315625 0.3203125
0 0.28593750000000007 0.390625 0.2015625000000001 0.390625 0.2015625000000001 0.4640625 0.28593750000000007 0.4640625
0 0.2812500000000001 0.509375 0.18437500000000004 0.509375 0.18437500000000007 0.6234375 0.2812500000000001 0.6234375
0 0.28456055158406857 0.5326148354591361 0.20892861445442348 0.5095968730545486 0.180638766884003 0.6025510596695571 0.25627070401364804 0.6255690220741448
0 0.2850806143489869 0.44784730905417114 0.250637710420875 0.40346622250495984 0.20509116921618348 0.43881360277316245 0.23953407314429534 0.4831946893223737
0 0.3437931235061592 0.3427904029119614 0.33411445937499995 0.31805555625 0.31255227062884533 0.32649276977546865 0.32223093476000464 0.35122761643743006
0 0.3213420533553982 0.30510280076068724 0.30025953672248445 0.2798386661590567 0.27368187213116724 0.30201730257964826 0.29476438876408106 0.3272814371812788
0 0.6042178578125 0.1763888906250001 0.54144735 0.17638889062500007 0.54144735 0.20555555625000008 0.6042178578125 0.20555555625000008
0 0.5616136846598594 0.11489515264614547 0.5086063430959341 0.10155424293045072 0.5002417914366302 0.13478905646885658 0.5532491330005554 0.14812996618455135
0 0.7870836888156256 0.36923465812097084 0.6890167452116258 0.3409596073175455 0.6653597091292097 0.42300979493563606 0.7634266527332094 0.4512848457390614
0 0.6350919611828242 0.4859213341868676 0.6316848309141839 0.4013363518570411 0.5547730891974029 0.4044343997137547 0.558180219466043 0.48901938204358125
0 0.8572020281249999 0.6944444437500001 0.7877740406250001 0.6944444437500001 0.7877740406250002 0.7833333328125002 0.8572020281249999 0.7833333328125002
0 0.5363851138906645 0.6115592784704384 0.47163852885715685 0.5672228160903054 0.42228527757108403 0.6392956498152094 0.48703186260459164 0.6836321121953424