0 0.9859375 0.6109375000000001 0.9046875 0.6109375000000001 0.9046875 0.6578125000000001 0.9859375 0.6578125000000001
0 0.8640625 0.5562500000000001 0.703125 0.55625 0.703125 0.6531250000000001 0.8640625 0.6531250000000002
0 0.646875 0.5171875 0.5609375 0.5171875 0.5609375 0.6046875 0.646875 0.6046875
0 0.5640625 0.4875 0.446875 0.4875 0.446875 0.6046875 0.5640625 0.6046875
0 0.515625 0.4234375 0.4703125 0.4234375 0.4703125 0.4671875 0.515625 0.4671875
0 0.3968750000000001 0.446875 0.3031250000000001 0.446875 0.3031250000000001 0.490625 0.3968750000000001 0.490625
0 0.5781250000000001 0.6234375 0.20312500000000008 0.6234375 0.20312500000000008 0.7765625 0.5781250000000002 0.7765625
0 0.5489831670233247 0.7102941013491534 0.5386786048891633 0.6176907549206289 0.36084181599112036 0.6374797831967729 0.37114637812528184 0.7300831296252974
0 0.5909780174005027 0.5478161837956979 0.54944106847065 0.48482563758982555 0.43025149933483114 0.5634210990418507 0.4717884482646838 0.626411645247723
0 0.5153832356340149 0.4316237755149649 0.47561449721903165 0.4292725445081647 0.47356285972449275 0.46397395606947534 0.513331598139476 0.4663251870762755
0 0.3976206936224588 0.48374344399866037 0.39496365148383783 0.44270334585694054 0.3015936072556003 0.44874836410086943 0.30425064939422125 0.48978846224258926
0 0.8781087174687225 0.5866655875796802 0.7169363120511447 0.5477564502173917 0.698313091870282 0.6248989775683054 0.8594854972878601 0.663808114930594
0 0.640712378125 0.5222222234375 0.56738394375 0.5222222234375 0.56738394375 0.6027777765625 0.640712378125 0.6027777765625
0 0.9782818390712233 0.6530592108957307 0.9758205716717606 0.6171166420912264 0.9088566461910312 0.621702183197713 0.911317913590494 0.6576447520022173