0 0.7078125 0.4984375 0.6015625 0.4984375 0.6015625 0.5921875 0.7078125 0.5921875
0 0.6703125 0.4109375 0.59375 0.4109375 0.59375 0.478125 0.6703125 0.478125
0 0.5578125 0.4640625 0.4890625 0.4640625 0.4890625 0.5171875 0.5578125 0.5171875
0 0.453125 0.4875 0.3812500000000001 0.4875 0.3812500000000001 0.540625 0.453125 0.540625
0 0.446875 0.3515625000000001 0.378125 0.3515625000000001 0.37812500000000004 0.415625 0.446875 0.415625
0 0.31562500000000004 0.353125 0.2515625 0.353125 0.2515625 0.4265625 0.3156250000000001 0.4265625
0 0.596875 0.6015625 0.440625 0.6015625 0.4406250000000001 0.7453125 0.5968750000000002 0.7453125
0 0.5359375000000002 0.775 0.42968750000000017 0.775 0.42968750000000017 0.9140625 0.5359375000000002 0.9140625
0 0.18125 0.0765625 0.017187500000000012 0.0765625 0.017187500000000015 0.1734375 0.18125 0.1734375
0 0.5484375 0.16562500000000008 0.4390625 0.16562500000000005 0.4390625 0.2218750000000001 0.5484375 0.2218750000000001
0 0.6859375 0.2640625000000001 0.6171875 0.2640625000000001 0.6171875 0.3078125000000001 0.6859375 0.3078125000000001
0 0.7625 0.18750000000000008 0.696875 0.18750000000000008 0.696875 0.2406250000000001 0.7625 0.2406250000000001
0 0.815625 0.2406250000000001 0.759375 0.2406250000000001 0.759375 0.29375000000000007 0.815625 0.29375000000000007
0 0.9171875 0.2687500000000001 0.81875 0.2687500000000001 0.81875 0.33281250000000007 0.9171875 0.33281250000000007
0 0.815625 0.3453125000000001 0.71875 0.3453125000000001 0.71875 0.4250000000000001 0.815625 0.42500000000000016
0 0.6828125 0.3109375000000001 0.628125 0.3109375000000001 0.628125 0.3546875000000001 0.6828125 0.3546875000000001
0 0.2796875 0.2234375 0.2203125 0.2234375 0.2203125 0.2671875 0.2796875 0.2671875