0 0.578125 0.403125 0.507812 0.403125 0.507812 0.467187 0.578125 0.467187
0 0.601562 0.356250 0.539062 0.356250 0.539062 0.417187 0.601562 0.417187
0 0.537500 0.317188 0.457813 0.317188 0.457813 0.364063 0.537500 0.364063
0 0.623437 0.470313 0.342188 0.470313 0.342188 0.628125 0.623437 0.628125
0 0.760938 0.668750 0.164063 0.668750 0.164063 0.992188 0.760938 0.992188
0 0.691934 0.995833 0.689233 0.708704 0.200677 0.713298 0.203378 1.000000
0 0.608031 0.617965 0.588524 0.484676 0.347954 0.519883 0.367461 0.653172
0 0.577352 0.444190 0.538275 0.404092 0.508269 0.433333 0.547346 0.473432
0 0.603618 0.400000 0.564725 0.365442 0.541278 0.391830 0.580171 0.426388
0 0.531287 0.356733 0.517539 0.319157 0.459569 0.340367 0.473317 0.377943
0 0.640351 0.316667 0.619758 0.313190 0.615579 0.337943 0.636173 0.341419
0 0.643750 0.314063 0.618750 0.314063 0.618750 0.343750 0.643750 0.343750