0 0.887500 0.287500 0.584375 0.287500 0.584375 0.481250 0.887500 0.481250
0 0.496875 0.196875 0.139063 0.196875 0.139063 0.257813 0.496875 0.257813
0 0.431250 0.157813 0.181250 0.157812 0.181250 0.187500 0.431250 0.187500
0 0.540625 0.350000 0.237500 0.350000 0.237500 0.443750 0.540625 0.443750
0 0.717188 0.540625 0.054688 0.540625 0.054688 0.887500 0.717188 0.887500
0 0.697050 0.874503 0.684888 0.529649 0.039607 0.552406 0.051769 0.897260
0 1.000000 0.329205 0.585310 0.262123 0.555664 0.455370 0.992939 0.522453
0 0.543654 0.449528 0.539686 0.344778 0.228242 0.356576 0.232210 0.461325
0 0.486443 0.255325 0.484300 0.198355 0.153675 0.210790 0.155818 0.267760
0 0.425886 0.191401 0.424886 0.158406 0.306175 0.162004 0.307175 0.194998
0 0.274287 0.185959 0.269363 0.160681 0.199632 0.174265 0.204556 0.199543