0 0.3703125000000001 0.55 0.16406250000000008 0.55 0.16406250000000008 0.6671875 0.3703125000000001 0.6671875
0 0.5765625000000001 0.646875 0.4140625 0.646875 0.4140625000000001 0.7640625 0.5765625000000002 0.7640625
0 0.4312500000000002 0.79375 0.2921875000000001 0.79375 0.2921875000000001 0.9515625 0.4312500000000002 0.9515625
0 0.7921875000000002 0.9359375 0.6796875000000002 0.9359375 0.6796875000000002 0.996875 0.7921875000000002 0.996875
0 0.21875000000000008 0.4734375 0.13906250000000003 0.4734375 0.13906250000000003 0.53125 0.21875000000000008 0.53125
0 0.13125000000000003 0.45 0.04375000000000005 0.45 0.04375000000000006 0.5 0.13125000000000003 0.5
0 0.4296875 0.4203125 0.2984375000000001 0.4203125 0.2984375000000001 0.4734375 0.4296875 0.4734375
0 0.2906250000000001 0.4265625 0.21250000000000008 0.4265625 0.21250000000000008 0.4640625 0.2906250000000001 0.4640625
0 0.2609375000000001 0.3875 0.2156250000000001 0.3875 0.2156250000000001 0.4171875 0.2609375000000001 0.4171875
0 0.8015625 0.4859375000000001 0.7125 0.4859375 0.7125 0.5203125000000001 0.8015625 0.5203125000000002
0 0.9984375 0.4937500000000002 0.9296875 0.4937500000000002 0.9296875 0.5671875000000002 0.9984375 0.5671875000000002