0 0.7 0.4390625 0.6125 0.4390625 0.6125 0.4796875 0.7 0.4796875
0 0.6984375 0.4046875 0.6375 0.4046875 0.6375 0.4328125 0.6984375 0.4328125
0 0.715625 0.60625 0.6484375 0.60625 0.6484375 0.6390625 0.715625 0.6390625
0 0.7625000000000001 0.7000000000000001 0.66875 0.7 0.6687500000000001 0.7421875000000001 0.7625000000000002 0.7421875000000002
0 0.6703125000000002 0.73125 0.4578125000000002 0.73125 0.4578125000000002 0.86875 0.6703125000000002 0.86875
0 0.1593750000000001 0.634375 0.1062500000000001 0.634375 0.1062500000000001 0.6859375 0.1593750000000001 0.6859375
0 0.3828125000000001 0.665625 0.3265625000000001 0.665625 0.3265625000000001 0.71875 0.3828125000000001 0.71875
0 0.496875 0.40625 0.4453125 0.40625 0.4453125 0.4296875 0.496875 0.4296875
0 0.3062500000000001 0.365625 0.15937500000000004 0.365625 0.15937500000000004 0.403125 0.3062500000000001 0.403125
0 0.10937500000000004 0.4234375 0.06562500000000004 0.4234375 0.06562500000000004 0.4484375 0.10937500000000004 0.4484375
0 0.15937500000000004 0.45 0.11562500000000005 0.45 0.11562500000000005 0.4734375 0.15937500000000004 0.4734375
0 0.07968750000000006 0.5265625 0.003125000000000064 0.5265625 0.003125000000000066 0.5515625 0.07968750000000006 0.5515625
0 0.08750000000000006 0.503125 0.026562500000000065 0.503125 0.026562500000000065 0.521875 0.08750000000000006 0.521875
0 0.35625000000000007 0.5625 0.2921875000000001 0.5625 0.2921875000000001 0.590625 0.35625000000000007 0.590625
0 0.2921875000000001 0.609375 0.2515625000000001 0.609375 0.2515625000000001 0.634375 0.2921875000000001 0.634375
0 0.44843750000000016 0.8796875 0.3312500000000001 0.8796875 0.3312500000000001 0.9984375 0.44843750000000016 0.9984375