0 0.5328125000000001 0.80625 0.49531250000000016 0.80625 0.49531250000000016 0.840625 0.5328125000000001 0.840625
0 0.5656250000000002 0.7265625 0.5156250000000002 0.7265625 0.5156250000000002 0.75625 0.5656250000000002 0.75625
0 0.3109375000000001 0.7765625 0.26250000000000007 0.7765625 0.26250000000000007 0.8296875 0.3109375000000001 0.8296875
0 0.2390625000000001 0.8734375 0.1765625000000001 0.8734375 0.17656250000000012 0.9234375 0.2390625000000001 0.9234375
0 0.4734375000000002 0.903125 0.44062500000000016 0.903125 0.44062500000000016 0.95 0.4734375000000002 0.95
0 0.4343750000000002 0.8140625 0.3578125000000001 0.8140625 0.3578125000000001 0.840625 0.4343750000000002 0.840625
0 0.5590716875 0.7416666671875003 0.5263718247253341 0.7280316792134262 0.5161594268786102 0.7525233772496204 0.5488592896532761 0.7661583652236945
0 0.5291423524811139 0.8374766800801426 0.5275948921875001 0.8116666671875 0.49598191940673536 0.8135620486561113 0.49752937970034933 0.8393720615487539
0 0.46797144160524085 0.9488802857716021 0.4646412999999999 0.9099999999999998 0.44618327324048535 0.9115809514164477 0.44951341484572627 0.9504612371880498
0 0.4279183703125001 0.8183333328125002 0.4129294203125002 0.8150000000000002 0.409362334515198 0.831040063704702 0.4243512845151979 0.8343733965172019
0 0.309908487590131 0.7988269226656575 0.297958302001054 0.7813626529973924 0.26127296137007294 0.806465141522026 0.27322314695915 0.8239294111902911
0 0.24205538437500004 0.8950000000000001 0.23172324172179826 0.8721016630118857 0.17628819947990634 0.8971149539214739 0.1866203421331081 0.9200132909095883