0 0.671875 0.27343750000000006 0.3375 0.2734375 0.3375 0.646875 0.671875 0.646875
0 0.6984375 0.29375000000000007 0.5734375 0.29375000000000007 0.5734375 0.425 0.6984375 0.425
0 0.603125 0.035937500000000074 0.51875 0.03593750000000007 0.51875 0.09062500000000007 0.603125 0.09062500000000007
0 0.16875 0.040625000000000015 0.08125 0.04062500000000001 0.08125 0.07031250000000001 0.16875 0.07031250000000003
0 0.2859375 0.06406250000000004 0.1890625 0.06406250000000002 0.1890625 0.16406250000000006 0.2859375 0.16406250000000006
0 0.44375 0.2218750000000001 0.396875 0.2218750000000001 0.396875 0.2562500000000001 0.44375 0.2562500000000001
0 0.6938841264555597 0.6670900323730959 0.4919109728312708 0.22362923381818164 0.2847430213730253 0.31798337881195626 0.48671617499731434 0.7614441773668705
0 0.7163783880449225 0.41710218202414023 0.6652093123247911 0.2693154400606851 0.5584849614859211 0.30626724180353965 0.6096540372060524 0.45405398376699485
0 0.6043914859374999 0.044444443750000076 0.511357984375 0.04444444375000007 0.511357984375 0.09305555625000007 0.6043914859374999 0.09305555625000007
0 0.4602168343017542 0.23000174420093117 0.4008675139106139 0.21393505552676045 0.39099272782514305 0.2504118837684599 0.4503420482162833 0.26647857244263057
0 0.30999636058383906 0.07651628932797538 0.07614804802033016 0.020824922207943866 0.05534011712399114 0.10819752194246854 0.2891884296875 0.16388888906250004