0 0.562500 0.123438 0.471875 0.123438 0.471875 0.170313 0.562500 0.170313
0 0.528125 0.014063 0.385937 0.014063 0.385937 0.081250 0.528125 0.081250
0 0.306250 0.000000 0.003125 0.000000 0.003125 0.532813 0.306250 0.532813
0 0.953125 0.287500 0.257812 0.287500 0.257813 0.634375 0.953125 0.634375
0 0.850000 0.667188 0.554688 0.667188 0.554688 0.996875 0.850000 0.996875
0 0.998437 0.767188 0.893750 0.767188 0.893750 0.846875 0.998437 0.846875
0 0.595313 0.185938 0.525000 0.185938 0.525000 0.250000 0.595313 0.250000
0 0.693750 0.229688 0.603125 0.229688 0.603125 0.287500 0.693750 0.287500
0 0.156250 0.540625 0.003125 0.540625 0.003125 0.640625 0.156250 0.640625
0 0.843559 0.460564 0.759780 0.242545 0.242809 0.441203 0.326587 0.659221
0 0.839271 0.992963 0.829805 0.677342 0.557947 0.685496 0.567414 1.000000
0 0.995857 0.776801 0.903891 0.772421 0.900094 0.852151 0.992059 0.856531
0 0.129155 0.557140 0.006005 0.544404 0.000000 0.631000 0.120199 0.643737
0 0.297542 0.002779 0.000000 0.002779 0.000000 0.411111 0.297542 0.411111
0 0.518250 0.071101 0.512999 0.014017 0.389876 0.025341 0.395126 0.082426
0 0.550842 0.123611 0.471695 0.123611 0.471695 0.168056 0.550842 0.168056
0 0.590795 0.242887 0.577306 0.182919 0.515550 0.196811 0.529039 0.256779
0 0.698449 0.257748 0.613640 0.220046 0.591987 0.268754 0.676796 0.306456