0 0.573438 0.612500 0.378125 0.612500 0.378125 0.996875 0.573438 0.996875
0 0.378125 0.526563 0.156250 0.526563 0.156250 0.779687 0.378125 0.779687
0 0.098438 0.750000 0.026563 0.750000 0.026563 0.843750 0.098438 0.843750
0 0.434375 0.296875 0.306250 0.296875 0.306250 0.393750 0.434375 0.393750
0 0.564063 0.273438 0.465625 0.273438 0.465625 0.343750 0.564063 0.343750
0 0.646875 0.340625 0.373437 0.340625 0.373438 0.540625 0.646875 0.540625
0 0.401562 0.435937 0.334375 0.435937 0.334375 0.493750 0.401562 0.493750
0 0.460938 0.473438 0.409375 0.473438 0.409375 0.517188 0.460938 0.517188
0 0.932813 0.379688 0.620313 0.379688 0.620313 0.843750 0.932813 0.843750
0 0.983214 0.478723 0.662473 0.389787 0.561498 0.753947 0.882239 0.842883
0 0.657983 0.406908 0.445487 0.269690 0.349869 0.417764 0.562365 0.554982
0 0.562168 0.327245 0.538215 0.264343 0.459016 0.294502 0.482969 0.357404
0 0.444113 0.349319 0.414251 0.278371 0.280547 0.334646 0.310408 0.405593
0 0.400336 0.477328 0.385766 0.433601 0.333479 0.451024 0.348049 0.494751
0 0.451757 0.513691 0.446291 0.473711 0.409530 0.478737 0.414995 0.518716
0 0.401248 0.698716 0.329310 0.529133 0.121115 0.617451 0.193052 0.787033
0 0.578614 0.633773 0.378668 0.614128 0.342361 0.983658 0.542307 1.000000
0 0.105860 0.776397 0.054237 0.757083 0.024441 0.836725 0.076064 0.856039