0 0.2515625000000001 0.4234375 0.17031250000000003 0.4234375 0.17031250000000003 0.49375 0.2515625000000001 0.49375
0 0.471875 0.24375000000000005 0.2890625 0.24375 0.28906250000000006 0.38125000000000003 0.471875 0.3812500000000001
0 0.7015625 0.1937500000000001 0.6078125 0.1937500000000001 0.6078125 0.24375000000000008 0.7015625 0.24375000000000008
0 0.6609375 0.2562500000000001 0.571875 0.2562500000000001 0.571875 0.34062500000000007 0.6609375 0.34062500000000007
0 0.7015625 0.3765625000000001 0.6265625 0.3765625000000001 0.6265625 0.45 0.7015625 0.45
0 0.9953125 0.6375000000000002 0.790625 0.6375000000000002 0.7906250000000001 0.9078125 0.9953125 0.9078125
0 0.2524269898262791 0.4445598305334104 0.17349608161761076 0.43270626662555606 0.16541165386466297 0.4865391248147045 0.24434256207333133 0.4983926887225588
0 0.47700639449676546 0.25787151547613946 0.30334698085982137 0.23693122544842016 0.2876818893160357 0.3668430179050576 0.46134130295297987 0.3877833079327769
0 0.7083576106146354 0.444531892789397 0.6768495040232156 0.36906350489461476 0.6167572895719091 0.39415204793976344 0.6482653961633289 0.4696204358345458
0 0.6720121289505927 0.2768815338605487 0.5808884788625435 0.2652276827264561 0.57224079011975 0.3328455846544647 0.6633644402077993 0.34449943578855724
0 0.7067162975148322 0.20323084152478854 0.6194909765649871 0.19031356965596763 0.6136709833132872 0.2296137240895677 0.7008963042631323 0.24253099595838856
0 0.9912659275941127 0.8918852572507857 0.9799606880246152 0.6427642952360639 0.8001325625201654 0.6509249896381727 0.8114378020896629 0.9000459516528945