0 0.23593750000000008 0.4546875 0.17656250000000004 0.4546875 0.17656250000000004 0.5078125 0.23593750000000008 0.5078125
0 0.5046875 0.31718750000000007 0.2546875 0.3171875 0.25468750000000007 0.39062500000000006 0.5046875 0.3906250000000001
0 0.9953125 0.48437500000000017 0.7578125 0.48437500000000017 0.7578125000000001 0.7734375000000002 0.9953125 0.7734375000000002
0 1 0.7859375000000002 0.8984375 0.7859375000000002 0.8984375 0.996875 1 0.996875
0 0.628125 0.7125 0.2562500000000001 0.7125 0.2562500000000001 0.9796875 0.6281250000000002 0.9796875
0 0.2812500000000001 0.6546875 0.20312500000000008 0.6546875 0.20312500000000008 0.728125 0.2812500000000001 0.728125
0 0.540625 0.496875 0.4109375 0.496875 0.4109375 0.578125 0.540625 0.578125
0 0.6453125 0.603125 0.584375 0.603125 0.584375 0.64375 0.6453125 0.64375
0 0.69375 0.3937500000000001 0.6328125 0.3937500000000001 0.6328125 0.4375 0.69375 0.4375
0 0.3546875000000001 0.4140625 0.24218750000000008 0.4140625 0.24218750000000008 0.48125 0.3546875000000001 0.48125
0 0.3062500000000001 0.5078125 0.2593750000000001 0.5078125 0.2593750000000001 0.5421875 0.3062500000000001 0.5421875
0 0.1921875000000001 0.584375 0.1359375000000001 0.584375 0.1359375000000001 0.640625 0.1921875000000001 0.640625
0 0.2312500000000001 0.746875 0.1703125000000001 0.746875 0.1703125000000001 0.8078125 0.2312500000000001 0.8078125
0 0.703125 0.2984375000000001 0.5328125 0.2984375000000001 0.5328125 0.3421875000000001 0.703125 0.3421875000000001