0 0.7000000000000002 0.8109375 0.3500000000000001 0.8109375 0.3500000000000001 0.9671875 0.7000000000000002 0.9671875
0 0.8296875 0.58125 0.6171875 0.58125 0.6171875 0.6734375000000001 0.8296875 0.6734375000000001
0 0.490625 0.5234375 0.2828125000000001 0.5234375 0.2828125000000001 0.6078125 0.490625 0.6078125
0 0.59375 0.43125 0.465625 0.43125 0.465625 0.4796875 0.59375 0.4796875
0 0.4578125 0.434375 0.37187500000000007 0.434375 0.37187500000000007 0.4828125 0.4578125 0.4828125
0 0.12968750000000004 0.39375 0.01406250000000005 0.39375 0.014062500000000052 0.4421875 0.12968750000000004 0.4421875
0 0.3609375000000001 0.428125 0.18437500000000004 0.428125 0.18437500000000004 0.4984375 0.3609375000000001 0.4984375
0 0.7828125 0.4765625000000001 0.625 0.4765625 0.625 0.5265625 0.7828125 0.5265625000000002
0 0.96875 0.4859375000000002 0.896875 0.4859375000000002 0.896875 0.5265625000000002 0.96875 0.5265625000000002
0 0.54375 0.36406250000000007 0.3765625000000001 0.36406250000000007 0.3765625000000001 0.409375 0.54375 0.409375
0 0.33906250000000004 0.3359375 0.19843750000000004 0.3359375 0.19843750000000004 0.403125 0.3390625000000001 0.403125