0 0.7265625000000001 0.6156250000000001 0.4 0.615625 0.4000000000000001 0.7828125000000001 0.7265625000000002 0.7828125000000001
0 0.8640625 0.903125 0.5906250000000002 0.903125 0.5906250000000002 0.9828125 0.8640625 0.9828125
0 0.8703125 0.5890625 0.6265625 0.5890625 0.6265625 0.6656250000000001 0.8703125 0.6656250000000001
0 0.996875 0.5265625 0.69375 0.5265625 0.69375 0.565625 0.996875 0.5656250000000002
0 0.74375 0.4546875000000001 0.45 0.4546875 0.45 0.4953125000000001 0.74375 0.49531250000000016
0 0.7171875 0.4296875 0.44375 0.4296875 0.44375 0.4453125 0.7171875 0.4453125
0 0.5703125 0.3843750000000001 0.4328125 0.3843750000000001 0.4328125 0.4046875 0.5703125 0.4046875
0 0.8379623398444209 0.9222581652655132 0.6005047186365524 0.9190432984770475 0.5994772900340126 0.9949315912036223 0.8369349112418811 0.998146457992088
0 0.9941924309588208 0.7641132830397025 0.9824626668962981 0.5543119347001257 0.41115136074161357 0.5862533253560119 0.4228811248041362 0.7960546736955887
0 0.740472254721249 0.4640081236948116 0.47238044292040227 0.4454990494603422 0.4705574317698657 0.471904171406978 0.7386492435707124 0.4904132456414474
0 0.7130718443152855 0.4399822338620135 0.4443083533658484 0.43309687813695746 0.44395726521108525 0.4468012794595766 0.7127207561605223 0.4536866351846326
0 0.5607766062499999 0.38744343906250006 0.45246895 0.38744343906250006 0.45246895 0.40299773749999995 0.5607766062499999 0.40299773749999995
0 0.37123820625 0.3902714937499999 0.37024913910844065 0.3727889237815377 0.2939881447109917 0.37710334917078125 0.29497721185255105 0.39458591913924346
0 0.29417314062500005 0.34926470625000006 0.2216818154228947 0.3351015269495166 0.21888844560402335 0.34939881682020507 0.2913797708061287 0.36356199612068857
0 0.2953125 0.33125 0.215625 0.33125 0.215625 0.3625 0.2953125 0.3625
0 0.3656250000000001 0.3765625 0.2843750000000001 0.3765625 0.2843750000000001 0.39375000000000004 0.3656250000000001 0.3937500000000001