0 0.09687500000000007 0.6109375 0.015625000000000073 0.6109375 0.015625000000000076 0.6578125 0.09687500000000009 0.6578125
0 0.2984375000000001 0.55625 0.1375000000000001 0.55625 0.1375000000000001 0.653125 0.2984375000000001 0.653125
0 0.440625 0.5171875 0.3546875000000001 0.5171875 0.3546875000000001 0.6046875 0.440625 0.6046875
0 0.5546875 0.4875 0.4375 0.4875 0.4375 0.6046875 0.5546875 0.6046875
0 0.53125 0.4234375 0.4859375 0.4234375 0.4859375 0.4671875 0.53125 0.4671875
0 0.696875 0.446875 0.603125 0.446875 0.603125 0.490625 0.696875 0.490625
0 0.7984375000000001 0.6234375000000001 0.4234375 0.6234375 0.4234375000000001 0.7765625 0.7984375000000001 0.7765625000000002
0 0.6392756705069551 0.6381405263830174 0.4616974184510137 0.6170629211819295 0.4506864478096923 0.7098300501451489 0.6282646998656338 0.7309076553462368
0 0.5669889133853722 0.5733705648698817 0.45241687827163124 0.48484809353055436 0.408219330967243 0.542051681106514 0.5227913660809839 0.6305741524458414
0 0.525446734375 0.43055555625 0.4848820671875 0.43055555625 0.4848820671875 0.4652777765625 0.525446734375 0.4652777765625
0 0.6987746992644814 0.4497757279694863 0.6059285446049401 0.441712056908138 0.602307693428775 0.48340300706517325 0.6951538480883164 0.49146667812652156
0 0.301950405418815 0.6231152391766817 0.28261155933948673 0.5470816154283578 0.12136374011690605 0.5880943490433537 0.14070258619623432 0.6641279727916776
0 0.43261605625 0.5222222234375 0.3592876218750001 0.5222222234375 0.3592876218750001 0.6027777765625 0.43261605625 0.6027777765625
0 0.09135307031687315 0.6228955059350192 0.024561284641791803 0.616848849431781 0.021318722820364122 0.6526664114346848 0.08811050849544547 0.6587130679379232