0 0.6109375000000001 0.6796875 0.40625 0.6796875 0.4062500000000001 0.80625 0.6109375000000001 0.80625
0 0.27031250000000007 0.5765625 0.00781250000000007 0.5765625 0.007812500000000078 0.703125 0.27031250000000007 0.703125
0 0.7578125 0.5234375000000001 0.503125 0.5234375 0.503125 0.596875 0.7578125 0.5968750000000002
0 0.8984375 0.6265625000000001 0.7828125 0.6265625000000001 0.7828125 0.6843750000000002 0.8984375 0.6843750000000002
0 0.4734375 0.409375 0.34062500000000007 0.409375 0.34062500000000007 0.45 0.4734375 0.45
0 0.41875 0.35156250000000006 0.3203125 0.3515625 0.32031250000000006 0.38125000000000003 0.41875 0.3812500000000001
0 0.2015625 0.3046875 0.13437500000000005 0.3046875 0.13437500000000005 0.3453125 0.2015625 0.3453125
0 0.11093750000000005 0.275 0.07656250000000005 0.275 0.07656250000000005 0.29375 0.11093750000000005 0.29375
0 0.5828125 0.3625000000000001 0.5140625 0.3625000000000001 0.5140625 0.4 0.5828125 0.4
0 0.4609375 0.3375000000000001 0.409375 0.3375000000000001 0.409375 0.35625000000000007 0.4609375 0.35625000000000007
0 0.94375 0.4359375000000002 0.8484375 0.4359375000000002 0.8484375 0.47968750000000016 0.94375 0.47968750000000016
0 0.7578125 0.3312500000000001 0.7 0.3312500000000001 0.7 0.3593750000000001 0.7578125 0.3593750000000001
0 0.6328125 0.35625000000000007 0.5796875 0.35625000000000007 0.5796875 0.3859375000000001 0.6328125 0.3859375000000001