0 0.700000 0.440625 0.614062 0.440625 0.614062 0.481250 0.700000 0.481250
0 0.696875 0.404687 0.635938 0.404687 0.635938 0.432812 0.696875 0.432812
0 0.714063 0.604688 0.646875 0.604688 0.646875 0.637500 0.714063 0.637500
0 0.764063 0.700000 0.670312 0.700000 0.670313 0.742188 0.764063 0.742188
0 0.670313 0.729688 0.456250 0.729688 0.456250 0.867188 0.670313 0.867188
0 0.160938 0.635938 0.107813 0.635938 0.107813 0.685937 0.160938 0.685937
0 0.384375 0.665625 0.326563 0.665625 0.326563 0.718750 0.384375 0.718750
0 0.496875 0.407813 0.446875 0.407813 0.446875 0.431250 0.496875 0.431250
0 0.307813 0.365625 0.160938 0.365625 0.160938 0.403125 0.307813 0.403125
0 0.110938 0.423438 0.067188 0.423438 0.067188 0.448437 0.110938 0.448437
0 0.160938 0.450000 0.117188 0.450000 0.117188 0.473438 0.160938 0.473438
0 0.079688 0.528125 0.003125 0.528125 0.003125 0.553125 0.079688 0.553125
0 0.087500 0.503125 0.026563 0.503125 0.026563 0.520312 0.087500 0.520312
0 0.356250 0.562500 0.293750 0.562500 0.293750 0.590625 0.356250 0.590625
0 0.290625 0.607812 0.251563 0.607812 0.251563 0.632812 0.290625 0.632812
0 0.446875 0.881250 0.329688 0.881250 0.329688 0.998437 0.446875 0.998437
0 0.758865 0.701389 0.668146 0.701389 0.668146 0.740278 0.758865 0.740278
0 0.671315 0.798581 0.479942 0.712860 0.434527 0.814248 0.625900 0.899969
0 0.445502 0.897517 0.341966 0.875326 0.316717 0.993128 0.420252 1.000000
0 0.391289 0.677883 0.357318 0.655241 0.327271 0.700322 0.361243 0.722964
0 0.163388 0.681806 0.152429 0.628240 0.111020 0.636712 0.121979 0.690278
0 0.288890 0.634611 0.283891 0.612111 0.252133 0.619166 0.257132 0.641667
0 0.340609 0.581402 0.316001 0.558333 0.289672 0.586419 0.314280 0.609487
0 0.711756 0.628254 0.710174 0.604003 0.639036 0.608643 0.640618 0.632895
0 0.700800 0.452273 0.610483 0.441849 0.606783 0.473901 0.697101 0.484325
0 0.631118 0.516667 0.615797 0.491139 0.592929 0.504863 0.608249 0.530391
0 0.705850 0.433510 0.701319 0.403312 0.626879 0.414481 0.631409 0.444678
0 0.497415 0.413998 0.446463 0.410175 0.444774 0.432688 0.495726 0.436510
0 0.311641 0.391861 0.303211 0.346914 0.139226 0.377668 0.147656 0.422615
0 0.157156 0.452778 0.107168 0.452778 0.107168 0.473611 0.157156 0.473611
0 0.116425 0.429167 0.067561 0.421835 0.064015 0.445470 0.112879 0.452801
0 0.081846 0.506988 0.031338 0.484546 0.019577 0.511016 0.070084 0.533458
0 0.070140 0.523611 0.003489 0.523611 0.003489 0.556944 0.070140 0.556944