0 0.475000 0.667188 0.192188 0.667188 0.192188 0.993750 0.475000 0.993750
0 0.325000 0.343750 0.000000 0.343750 0.000000 0.564063 0.325000 0.564063
0 0.431250 0.409375 0.328125 0.409375 0.328125 0.500000 0.431250 0.500000
0 0.781250 0.517188 0.485938 0.517188 0.485938 0.754688 0.781250 0.754688
0 0.775000 0.367188 0.504687 0.367188 0.504687 0.496875 0.775000 0.496875
0 0.753125 0.276563 0.607812 0.276563 0.607812 0.346875 0.753125 0.346875
0 0.523438 0.264063 0.395313 0.264063 0.395313 0.317188 0.523438 0.317188
0 0.998437 0.540625 0.918750 0.540625 0.918750 0.646875 0.998437 0.646875
0 0.329551 0.530748 0.311992 0.340346 0.000000 0.370709 0.000306 0.561111
0 0.499439 0.892644 0.297346 0.653751 0.123070 0.801180 0.325163 1.000000
0 0.812425 0.545642 0.490056 0.531053 0.480388 0.744696 0.802756 0.759285
0 0.428329 0.418056 0.336684 0.418056 0.336684 0.493056 0.428329 0.493056
0 0.789702 0.455556 0.764581 0.341282 0.504203 0.398522 0.529324 0.512795
0 0.517547 0.285136 0.404357 0.275501 0.401549 0.308477 0.514740 0.318112
0 0.750583 0.294039 0.611199 0.276336 0.602973 0.341098 0.742358 0.358801
0 0.999027 0.644444 0.991214 0.551242 0.928028 0.556539 0.935841 0.649742