0 0.112500 0.420312 0.001563 0.420312 0.001563 0.490625 0.112500 0.490625
0 0.392188 0.417187 0.340625 0.417187 0.340625 0.460938 0.392188 0.460938
0 0.617188 0.217188 0.532813 0.217188 0.532813 0.278125 0.617188 0.278125
0 0.714063 0.293750 0.623437 0.293750 0.623437 0.326563 0.714063 0.326563
0 0.653125 0.353125 0.601562 0.353125 0.601562 0.382813 0.653125 0.382813
0 0.554688 0.287500 0.503125 0.287500 0.503125 0.320313 0.554688 0.320313
0 0.539062 0.537500 0.453125 0.537500 0.453125 0.604688 0.539062 0.604688
0 0.485938 0.603125 0.326563 0.603125 0.326563 0.714063 0.485938 0.714063
0 0.645312 0.512500 0.600000 0.512500 0.600000 0.546875 0.645312 0.546875
0 0.778125 0.617188 0.578125 0.617188 0.578125 0.707813 0.778125 0.707813
0 0.789063 0.756250 0.612500 0.756250 0.612500 0.943750 0.789063 0.943750
0 0.810937 0.490625 0.689063 0.490625 0.689063 0.590625 0.810937 0.590625
0 0.429688 0.248438 0.387500 0.248438 0.387500 0.301563 0.429688 0.301563
0 0.781250 0.417188 0.710938 0.417187 0.710938 0.479688 0.781250 0.479688
0 0.787420 0.935935 0.786000 0.764428 0.618058 0.765818 0.619478 0.937325
0 0.780036 0.626090 0.584926 0.620007 0.582187 0.707860 0.777297 0.713943
0 0.484395 0.619963 0.334195 0.612719 0.329130 0.717728 0.479330 0.724973
0 0.538749 0.547222 0.459031 0.547222 0.459031 0.611111 0.538749 0.611111
0 0.644086 0.518964 0.602755 0.517026 0.600928 0.555975 0.642260 0.557914
0 0.803289 0.488995 0.681025 0.485296 0.676742 0.626857 0.799006 0.630556
0 0.780054 0.480804 0.767656 0.431967 0.700421 0.449036 0.712819 0.497872
0 0.661945 0.363340 0.601853 0.345542 0.590634 0.383423 0.650725 0.401221
0 0.715860 0.338577 0.712296 0.288441 0.620455 0.294970 0.624019 0.345105
0 0.613018 0.250501 0.580494 0.222858 0.556476 0.251117 0.589001 0.278760
0 0.560633 0.313889 0.542131 0.277450 0.502924 0.297356 0.521426 0.333796
0 0.426704 0.294956 0.423869 0.263055 0.388281 0.266217 0.391115 0.298118
0 0.462832 0.350422 0.458951 0.332031 0.445202 0.334932 0.449083 0.353323
0 0.396980 0.454462 0.385734 0.414490 0.345902 0.425697 0.357148 0.465669
0 0.129134 0.474135 0.111125 0.414702 0.000000 0.450858 0.009810 0.510291