0 0.317188 0.610938 0.162500 0.610938 0.162500 0.650000 0.317188 0.650000
0 0.257813 0.723437 0.092188 0.723437 0.092188 0.803125 0.257813 0.803125
0 0.670313 0.773438 0.375000 0.773438 0.375000 0.953125 0.670313 0.953125
0 0.854688 0.596875 0.742188 0.596875 0.742188 0.635938 0.854688 0.635938
0 0.945312 0.690625 0.767188 0.690625 0.767188 0.767188 0.945312 0.767188
0 0.998437 0.809375 0.910937 0.809375 0.910937 0.943750 0.998437 0.943750
0 0.585938 0.470313 0.403125 0.470313 0.403125 0.517188 0.585938 0.517188
0 0.335938 0.417187 0.273438 0.417187 0.273438 0.454688 0.335938 0.454688
0 0.478125 0.346875 0.395313 0.346875 0.395313 0.373438 0.478125 0.373438
0 0.809375 0.406250 0.750000 0.406250 0.750000 0.431250 0.809375 0.431250
0 0.765625 0.356250 0.739062 0.356250 0.739062 0.385938 0.765625 0.385938
0 0.504687 0.300000 0.425000 0.300000 0.425000 0.328125 0.504687 0.328125
0 0.156250 0.890625 0.000000 0.890625 0.000000 1.000000 0.156250 1.000000
0 0.169279 0.991357 0.162534 0.892411 0.000000 0.903901 0.000719 1.000000
0 0.280448 0.688889 0.089868 0.688889 0.089868 0.820833 0.280448 0.820833
0 0.686617 0.941929 0.654656 0.740621 0.358302 0.787672 0.390263 0.988980
0 0.959847 0.778526 0.957136 0.693162 0.773855 0.698982 0.776565 0.784346
0 1.000000 0.974980 0.997726 0.790638 0.896989 0.791918 0.899332 0.976260
0 0.862014 0.610027 0.744535 0.596904 0.738648 0.649613 0.856127 0.662736
0 0.795702 0.415416 0.741826 0.399233 0.734104 0.424942 0.787980 0.441124
0 0.765466 0.392879 0.754619 0.355680 0.727958 0.363454 0.738805 0.400653
0 0.551656 0.496099 0.422215 0.467977 0.411190 0.518725 0.540630 0.546847
0 0.337726 0.615278 0.153394 0.615278 0.153394 0.679167 0.337726 0.679167
0 0.343904 0.425034 0.284029 0.410247 0.273361 0.453445 0.333235 0.468233
0 0.473110 0.413889 0.470647 0.391728 0.407058 0.398795 0.409521 0.420956
0 0.471640 0.353786 0.397147 0.342006 0.392312 0.372576 0.466806 0.384357
0 0.522268 0.307961 0.424666 0.300151 0.422579 0.326234 0.520181 0.334044