0 0.4125 0.37343750000000003 0.08125000000000004 0.3734375 0.08125000000000006 0.496875 0.4125 0.496875
0 0.3734375000000001 0.5 0.17968750000000006 0.5 0.17968750000000006 0.6 0.3734375000000001 0.6
0 0.5828125 0.5703125 0.4 0.5703125 0.4 0.696875 0.5828125 0.696875
0 0.47187500000000016 0.75625 0.15000000000000008 0.75625 0.1500000000000001 0.9171875 0.47187500000000016 0.9171875
0 0.74375 0.4203125000000001 0.665625 0.4203125 0.665625 0.4781250000000001 0.74375 0.4781250000000002
0 0.953125 0.24375000000000008 0.79375 0.24375000000000008 0.79375 0.3234375000000001 0.953125 0.3234375000000001
0 0.43125 0.17343750000000005 0.346875 0.17343750000000005 0.346875 0.20312500000000006 0.43125 0.20312500000000008
0 0.753125 0.05937500000000009 0.6875 0.05937500000000009 0.6875 0.09375000000000008 0.753125 0.09375000000000008
0 0.81875 0.15625000000000008 0.746875 0.15625000000000008 0.746875 0.17968750000000008 0.81875 0.17968750000000008
0 0.8453125 0.1828125000000001 0.7703125 0.1828125000000001 0.7703125 0.2000000000000001 0.8453125 0.2000000000000001
0 0.4806824886666347 0.908357181263588 0.4665088589825082 0.7497347689009597 0.14577791357680137 0.7783935289129296 0.15995154326092792 0.937015941275558
0 0.5947283999999999 0.58194444375 0.3932836156250001 0.58194444375 0.3932836156250001 0.701388890625 0.5947283999999999 0.701388890625
0 0.7556149719371812 0.48246359864984384 0.7452416328382333 0.4174521168021876 0.6542115827433357 0.43197702149581324 0.6645849218422835 0.49698850334346945
0 0.9513746969253694 0.3252324509729447 0.9484953818891698 0.24531827021233185 0.7937608804986425 0.2508933680514396 0.7966401955348418 0.3308075488120524
0 0.3980479756837743 0.48516528544423637 0.3891539789752065 0.3935920888094008 0.07830584951083489 0.42378304360750896 0.08719984621940272 0.5153562402423446
0 0.3696573765625001 0.5097222234375 0.19556928906250007 0.5097222234375 0.1955692890625001 0.6 0.3696573765625001 0.6
0 0.4268804677381553 0.204898986999461 0.42587237891455876 0.17240711322289579 0.34782332769982355 0.17482865335206593 0.34883141652342003 0.20732052712863114
0 0.8459126359375 0.18055555625000008 0.7688164828125 0.18055555625000008 0.7688164828125 0.20277777656250007 0.8459126359375 0.20277777656250007
0 0.8165271812928122 0.18418359209438795 0.8150369048872141 0.15883260369835345 0.750010020748948 0.16265525667136252 0.7515002971545461 0.18800624506739702
0 0.800710470815934 0.16325202853352422 0.7990324827273965 0.1414683815181314 0.7384610582366709 0.14613418099281855 0.7401390463252084 0.16791782800821137
0 0.755138134375 0.05972222343750009 0.6966942781250001 0.05972222343750009 0.6966942781250001 0.08750000000000009 0.755138134375 0.08750000000000009