0 0.840625 0.529688 0.610938 0.529687 0.610938 0.690625 0.840625 0.690625
0 0.807813 0.423438 0.571875 0.423438 0.571875 0.526563 0.807813 0.526563
0 0.459375 0.373438 0.371875 0.373438 0.371875 0.423438 0.459375 0.423438
0 0.342188 0.454688 0.000000 0.454688 0.000000 0.587500 0.342188 0.587500
0 0.304688 0.350000 0.157813 0.350000 0.157813 0.387500 0.304688 0.387500
0 0.098438 0.370312 0.000000 0.370312 0.000000 0.400000 0.098438 0.400000
0 0.096875 0.334375 0.000000 0.334375 0.000000 0.367188 0.096875 0.367188
0 0.235937 0.310937 0.148438 0.310937 0.148438 0.334375 0.235937 0.334375
0 0.703125 0.700000 0.000000 0.700000 0.000000 0.996875 0.703125 0.996875
0 0.710480 0.702778 0.005954 0.702778 0.005954 1.000000 0.710480 1.000000
0 0.353243 0.555354 0.325846 0.421836 0.000000 0.490275 0.019703 0.623794
0 0.874680 0.599376 0.655122 0.503566 0.597471 0.635680 0.817029 0.731490
0 0.833938 0.452556 0.566771 0.423727 0.557398 0.510595 0.824564 0.539423
0 0.466957 0.428519 0.465915 0.376550 0.364327 0.378587 0.365369 0.430556
0 0.316013 0.381168 0.313305 0.348280 0.149205 0.361790 0.151913 0.394678
0 0.109651 0.401782 0.107791 0.374191 0.001464 0.381358 0.003324 0.408948
0 0.095044 0.365519 0.092794 0.341248 0.005525 0.349341 0.007776 0.373611
0 0.247871 0.316006 0.142782 0.308210 0.140681 0.336526 0.245771 0.344322
0 1.000000 0.477778 0.832486 0.477778 0.832486 0.648415 1.000000 0.648415