0 0.387500 0.318750 0.237500 0.318750 0.237500 0.340625 0.387500 0.340625
0 0.587500 0.171875 0.467187 0.171875 0.467187 0.192188 0.587500 0.192188
0 0.776563 0.182813 0.603125 0.182813 0.603125 0.209375 0.776563 0.209375
0 0.823438 0.282813 0.603125 0.282813 0.603125 0.328125 0.823438 0.328125
0 0.881250 0.346875 0.667188 0.346875 0.667188 0.403125 0.881250 0.403125
0 0.384375 0.173438 0.223438 0.173438 0.223438 0.189063 0.384375 0.189063
0 0.487500 0.128125 0.443750 0.128125 0.443750 0.145313 0.487500 0.145313
0 0.940625 0.500000 0.310938 0.500000 0.310938 0.868750 0.940625 0.868750
0 0.954151 0.783145 0.771844 0.342808 0.082882 0.628050 0.265190 1.000000
0 0.868378 0.401081 0.863646 0.347147 0.698226 0.361661 0.702958 0.415595
0 0.816966 0.288889 0.604516 0.288889 0.604516 0.333333 0.816966 0.333333
0 0.371582 0.316667 0.242102 0.316667 0.242102 0.347222 0.371582 0.347222
0 0.579964 0.194203 0.579090 0.169962 0.481524 0.173479 0.482398 0.197720
0 0.775487 0.194153 0.625865 0.185477 0.624839 0.203171 0.774461 0.211847
0 0.381652 0.177778 0.235854 0.177778 0.235854 0.191667 0.381652 0.191667
0 0.475380 0.147222 0.473665 0.131944 0.451039 0.134484 0.452754 0.149762