0 0.840625 0.3765625000000001 0.7421875 0.3765625000000001 0.7421875 0.45312500000000017 0.840625 0.45312500000000017
0 0.5000000000000001 0.40625 0.13281250000000006 0.40625 0.13281250000000006 0.75 0.5000000000000002 0.75
0 0.6609375 0.5796875 0.590625 0.5796875 0.590625 0.6203125 0.6609375 0.6203125
0 0.7546875000000002 0.784375 0.6875000000000002 0.784375 0.6875000000000002 0.834375 0.7546875000000002 0.834375
0 0.6953125000000002 0.846875 0.6562500000000002 0.846875 0.6562500000000002 0.88125 0.6953125000000002 0.88125
0 0.4875 0.2609375000000001 0.45625 0.2609375000000001 0.45625 0.2875000000000001 0.4875 0.2875000000000001
0 0.5328910900054813 0.4941281254165351 0.1533818950955093 0.39982061240330397 0.08485568306610443 0.6755815430712654 0.4643648779760765 0.7698890560844965
0 0.48228627187499995 0.26527777656250007 0.4656972828125 0.26527777656250007 0.4656972828125 0.28611110937500006 0.48228627187499995 0.28611110937500006
0 0.8306550171875001 0.4430555562499999 0.821571960126486 0.38579761076951546 0.7523289037534152 0.39678191394067946 0.7614119608144293 0.454039859421164
0 0.657948604692475 0.590516119614565 0.6073214166441369 0.5868829541003715 0.6051871082833713 0.6166239692871269 0.6558142963317094 0.6202571348013203
0 0.750474909375 0.8277777765625001 0.7491676358977741 0.7878749541448793 0.7044662213505706 0.7893394363566998 0.7057734948277965 0.8292422587743206
0 0.6850405687500002 0.8513888906249999 0.6666083578125002 0.8513888906249999 0.6666083578125002 0.8736111093750001 0.6850405687500002 0.8736111093750001