0 0.5468750000000001 0.7171875 0.32500000000000007 0.7171875 0.32500000000000007 0.9015625 0.5468750000000002 0.9015625
0 0.5296875 0.4546875 0.34843750000000007 0.4546875 0.34843750000000007 0.5484375 0.5296875 0.5484375
0 0.43125 0.37031250000000004 0.28593750000000007 0.3703125 0.28593750000000007 0.434375 0.43125 0.434375
0 0.4015625 0.31093750000000003 0.2984375 0.3109375 0.2984375 0.35000000000000003 0.4015625 0.3500000000000001
0 0.521875 0.3437500000000001 0.3953125 0.3437500000000001 0.39531250000000007 0.4 0.521875 0.4
0 0.6546875 0.4046875 0.5546875 0.4046875 0.5546875 0.4484375 0.6546875 0.4484375
0 0.646875 0.3656250000000001 0.5640625 0.3656250000000001 0.5640625 0.403125 0.646875 0.403125
0 0.5578125 0.3203125000000001 0.50625 0.3203125000000001 0.50625 0.3437500000000001 0.5578125 0.3437500000000001
0 0.45 0.2890625000000001 0.375 0.2890625000000001 0.375 0.3156250000000001 0.45 0.3156250000000001
0 0.4859375 0.2640625000000001 0.40625 0.2640625000000001 0.40625 0.2906250000000001 0.4859375 0.2906250000000001
0 0.9453125 0.7093750000000002 0.8453125 0.7093750000000002 0.8453125 0.8 0.9453125 0.8
0 0.421875 0.22656250000000008 0.3671875 0.22656250000000008 0.3671875 0.2500000000000001 0.421875 0.2500000000000001
0 0.6875 0.3296875000000001 0.6078125 0.3296875000000001 0.6078125 0.3625000000000001 0.6875 0.3625000000000001