0 0.8296875 0.4234375000000002 0.7484375 0.4234375000000002 0.7484375 0.4937500000000002 0.8296875 0.4937500000000002
0 0.7125 0.24375000000000008 0.5296875 0.24375000000000008 0.5296875 0.3812500000000001 0.7125 0.3812500000000001
0 0.3921875 0.19375000000000003 0.2984375 0.19375000000000003 0.2984375 0.24375000000000005 0.3921875 0.24375000000000008
0 0.428125 0.25625000000000003 0.3390625 0.25625 0.3390625 0.34062500000000007 0.428125 0.34062500000000007
0 0.3734375000000001 0.3765625 0.2984375000000001 0.3765625 0.2984375000000001 0.45 0.3734375000000001 0.45
0 0.21093750000000008 0.6375 0.0062500000000000775 0.6375 0.006250000000000094 0.9078125 0.21093750000000008 0.9078125
0 0.8311993554013146 0.49070521741189593 0.8293988782397511 0.43311229429602954 0.7514066080666946 0.4355504983952132 0.753207085228258 0.4931434215110797
0 0.7134515257512897 0.35071260270552634 0.6834669849653643 0.2293887602551618 0.5124546334320779 0.2716535511312393 0.5424391742180031 0.3929773935816038
0 0.37022657854727836 0.38285737524740754 0.29738200852945135 0.3787582756707315 0.29327456933320206 0.4517510479926411 0.36611913935102897 0.4558501475693172
0 0.42785617473848275 0.332455270321984 0.4189164969397686 0.2650463098697588 0.3278321580724528 0.2771257817459019 0.33677183587116694 0.34453474219812713
0 0.38628594956341955 0.22979890046905765 0.38093836230778677 0.19067948374861238 0.29349737683314187 0.2026325837369308 0.29884496408877465 0.2417520004573761
0 0.2006546323146118 0.6517939133668744 0.02088478835823141 0.6423101789410537 0.007731311350466341 0.8916421828752679 0.18750115530684672 0.9011259173010885