0 0.8546875 0.4734375000000002 0.7546875 0.4734375000000002 0.7546875 0.5312500000000002 0.8546875 0.5312500000000002
0 0.8265625 0.5531250000000001 0.6828125 0.553125 0.6828125 0.6765625000000001 0.8265625 0.6765625000000002
0 0.32500000000000007 0.553125 0.10312500000000009 0.553125 0.10312500000000009 0.6671875 0.32500000000000007 0.6671875
0 0.1859375000000001 0.753125 0.1281250000000001 0.753125 0.1281250000000001 0.7875 0.1859375000000001 0.7875
0 0.2078125000000001 0.8171875 0.10468750000000009 0.8171875 0.10468750000000011 0.93125 0.2078125000000001 0.93125
0 0.3468750000000001 0.7109375 0.21875000000000008 0.7109375 0.21875000000000008 0.8078125 0.3468750000000001 0.8078125
0 0.30156250000000007 0.4203125 0.22812500000000008 0.4203125 0.22812500000000008 0.4734375 0.30156250000000007 0.4734375
0 0.484375 0.3625000000000001 0.4375 0.3625000000000001 0.4375 0.4046875 0.484375 0.4046875
0 0.6203125 0.56875 0.58125 0.56875 0.58125 0.615625 0.6203125 0.615625
0 0.19218750000000004 0.465625 0.13437500000000005 0.465625 0.13437500000000005 0.503125 0.19218750000000004 0.503125
0 0.8276756701651451 0.5602144595652179 0.6902123878702894 0.5424768854032951 0.6736740997142271 0.6706458984102017 0.8111373820090828 0.6883834725721246
0 0.8702264461846341 0.5167954369198574 0.8355762226727185 0.4502168340522893 0.7342446605873582 0.502953916595961 0.7688948840992735 0.5695325194635291
0 0.6185591500000001 0.5708333328124999 0.585941975 0.5708333328124999 0.585941975 0.6166666671875001 0.6185591500000001 0.6166666671875001
0 0.3656123376208821 0.7207347975081737 0.2393791214752407 0.6893794517257402 0.2093221018870805 0.8103857476439205 0.33555531803272187 0.8417410934263538
0 0.18614860625000001 0.7597222234375001 0.14002472678580763 0.7355438726621554 0.11093268717948312 0.7910413605031346 0.15705656664367548 0.8152197112784793
0 0.22941937351514646 0.8579341114490362 0.18197685061359423 0.7968146113485742 0.06633251557256652 0.8865807089868184 0.11377503847411874 0.9477002090872804
0 0.19234343160692882 0.48737795075157503 0.17774852268893285 0.46345122481729667 0.1382930669498093 0.4875184032692196 0.15288797586780528 0.5114451292034979
0 0.4062700986695636 0.6187393322895406 0.3859575850706126 0.5327697110127876 0.07894525714942943 0.6053091963952937 0.09925777074838035 0.6912788176720468
0 0.2979789187500001 0.43194444374999996 0.2327445687500001 0.43194444374999996 0.2327445687500001 0.461111109375 0.2979789187500001 0.461111109375
0 0.48138917281234656 0.38786069383598115 0.47731798637490613 0.37091638161516444 0.43835522137505956 0.3802779112166833 0.4424264078125 0.3972222234375