0 0.389063 0.529687 0.159375 0.529687 0.159375 0.690625 0.389063 0.690625
0 0.429688 0.423438 0.193750 0.423438 0.193750 0.526563 0.429688 0.526563
0 0.629687 0.373438 0.542188 0.373438 0.542188 0.423438 0.629687 0.423438
0 1.000000 0.454688 0.657813 0.454688 0.657813 0.587500 1.000000 0.587500
0 0.843750 0.350000 0.696875 0.350000 0.696875 0.387500 0.843750 0.387500
0 1.000000 0.370313 0.901563 0.370313 0.901563 0.400000 1.000000 0.400000
0 1.000000 0.334375 0.903125 0.334375 0.903125 0.367188 1.000000 0.367188
0 0.851562 0.310938 0.764062 0.310938 0.764062 0.334375 0.851562 0.334375
0 1.000000 0.700000 0.296875 0.700000 0.296875 0.996875 1.000000 0.996875
0 0.994046 0.702778 0.289520 0.702778 0.289520 1.000000 0.994046 1.000000
0 1.000000 0.490973 0.674603 0.421199 0.646590 0.554939 0.979700 0.624713
0 0.397550 0.644433 0.354116 0.511237 0.127763 0.585047 0.171196 0.718244
0 0.443336 0.494041 0.428692 0.413286 0.162873 0.461490 0.177517 0.542245
0 0.634631 0.430556 0.633558 0.377011 0.533028 0.379027 0.534101 0.432571
0 0.850754 0.365610 0.687803 0.345463 0.683784 0.377965 0.846735 0.398113
0 0.998986 0.382644 0.892372 0.372959 0.889921 0.399947 0.996535 0.409632
0 0.994408 0.349312 0.907181 0.341473 0.904997 0.365772 0.992224 0.373611
0 0.859415 0.332030 0.855965 0.304466 0.751369 0.317555 0.754818 0.345118
0 0.167514 0.477778 0.000000 0.477778 0.000000 0.648415 0.167514 0.648415