0 0.528125 0.123438 0.437500 0.123438 0.437500 0.170313 0.528125 0.170313
0 0.615625 0.014063 0.473438 0.014063 0.473438 0.081250 0.615625 0.081250
0 0.996875 0.000000 0.693750 0.000000 0.693750 0.532813 0.996875 0.532813
0 0.743750 0.287500 0.048438 0.287500 0.048438 0.634375 0.743750 0.634375
0 0.445313 0.667188 0.150000 0.667188 0.150000 0.996875 0.445313 0.996875
0 0.107813 0.767188 0.003125 0.767188 0.003125 0.846875 0.107813 0.846875
0 0.475000 0.185938 0.404687 0.185938 0.404687 0.250000 0.475000 0.250000
0 0.398438 0.229688 0.307812 0.229687 0.307812 0.287500 0.398438 0.287500
0 0.998437 0.540625 0.845313 0.540625 0.845313 0.640625 0.998437 0.640625
0 0.756795 0.439418 0.238392 0.244666 0.156204 0.463438 0.674608 0.658190
0 0.443353 0.686780 0.171820 0.676600 0.159961 0.992911 0.431494 1.000000
0 0.099138 0.852354 0.096416 0.772746 0.004498 0.775889 0.007221 0.855497
0 1.000000 0.631185 0.994119 0.544704 0.870869 0.556040 0.878823 0.642521
0 1.000000 0.002779 0.702458 0.002779 0.702458 0.411111 1.000000 0.411111
0 0.610353 0.026800 0.487483 0.012754 0.481009 0.069395 0.603878 0.083441
0 0.528305 0.123611 0.449158 0.123611 0.449158 0.168056 0.528305 0.168056
0 0.477555 0.246245 0.471016 0.182296 0.411754 0.188356 0.418293 0.252304
0 0.399566 0.276960 0.389006 0.223798 0.303779 0.240726 0.314339 0.293889