0 0.504687 0.540625 0.340625 0.540625 0.340625 0.634375 0.504687 0.634375
0 0.342188 0.496875 0.201563 0.496875 0.201563 0.564063 0.342188 0.564063
0 0.245313 0.417187 0.079688 0.417187 0.079688 0.487500 0.245313 0.487500
0 0.382813 0.703125 0.026563 0.703125 0.026563 0.840625 0.382813 0.840625
0 0.481250 0.843750 0.279688 0.843750 0.279688 0.987500 0.481250 0.987500
0 0.767188 0.770313 0.606250 0.770312 0.606250 0.837500 0.767188 0.837500
0 0.432812 0.426563 0.246875 0.426563 0.246875 0.479687 0.432812 0.479687
0 0.504669 0.565925 0.346020 0.554200 0.340515 0.628677 0.499164 0.640402
0 0.759791 0.838889 0.756063 0.774446 0.631499 0.781650 0.635226 0.846094
0 0.488838 0.984340 0.473174 0.839117 0.280356 0.859915 0.296021 1.000000
0 0.378459 0.726389 0.030797 0.726389 0.030797 0.844444 0.378459 0.844444
0 0.707744 0.553754 0.706545 0.488889 0.188272 0.498465 0.189470 0.563330
0 0.419585 0.476256 0.417270 0.414469 0.078959 0.427147 0.081274 0.488934