0 1.000000 0.620313 0.650000 0.620313 0.650000 0.917188 1.000000 0.917188
0 0.810937 0.276563 0.471875 0.276563 0.471875 0.500000 0.810937 0.500000
0 1.000000 0.179688 0.732812 0.179688 0.732812 0.439063 1.000000 0.439063
0 0.689063 0.143750 0.540625 0.143750 0.540625 0.223438 0.689063 0.223438
0 0.410938 0.085938 0.001563 0.085938 0.001563 0.296875 0.410938 0.296875
0 0.448437 0.287500 0.135938 0.287500 0.135938 0.460938 0.448437 0.460938
0 0.317188 0.564063 0.001563 0.564063 0.001563 0.914062 0.317188 0.914062
0 1.000000 0.079688 0.781250 0.079688 0.781250 0.173438 1.000000 0.173438
0 0.998318 0.915780 0.996610 0.631551 0.680656 0.633449 0.682363 0.917678
0 1.000000 0.280534 0.994258 0.179167 0.954246 0.182771 0.963378 0.284139
0 1.000000 0.172509 0.998304 0.075982 0.779188 0.100149 0.789834 0.196676
0 0.687175 0.158584 0.536935 0.152334 0.534047 0.221755 0.684287 0.228006
0 0.827132 0.312150 0.486918 0.244847 0.445494 0.454245 0.785708 0.521548
0 1.000000 0.319645 0.755157 0.146512 0.697857 0.243062 0.989585 0.416195
0 0.406961 0.091128 0.001226 0.086111 0.000000 0.318830 0.404083 0.323847
0 0.445087 0.306557 0.148987 0.298471 0.144725 0.454523 0.440825 0.462609
0 0.319624 0.572761 0.009081 0.568266 0.003974 0.921026 0.314518 0.925521