0 0.670312 0.493750 0.381250 0.493750 0.381250 0.614062 0.670312 0.614062
0 0.993750 0.653125 0.096875 0.653125 0.096875 0.970313 0.993750 0.970313
0 0.164063 0.582812 0.000000 0.582812 0.000000 0.700000 0.164063 0.700000
0 0.873437 0.459375 0.732812 0.459375 0.732812 0.496875 0.873437 0.496875
0 0.850000 0.384375 0.659375 0.384375 0.659375 0.414063 0.850000 0.414063
0 1.000000 0.730598 0.116572 0.564899 0.059463 0.873160 0.953869 1.000000
0 0.658990 0.591173 0.649301 0.523576 0.400302 0.559267 0.409991 0.626864
0 0.166881 0.672508 0.152846 0.577810 0.000000 0.601448 0.007391 0.696146
0 0.647637 0.551389 0.637229 0.472693 0.375293 0.507337 0.385701 0.586032
0 0.871491 0.477393 0.742673 0.464058 0.739223 0.497378 0.868042 0.510714
0 0.844897 0.396696 0.669436 0.384539 0.668081 0.404093 0.843542 0.416249