0 0.5062500000000002 0.80625 0.46875000000000017 0.80625 0.46875000000000017 0.840625 0.5062500000000002 0.840625
0 0.48437500000000017 0.7265625 0.4343750000000002 0.7265625 0.4343750000000002 0.75625 0.48437500000000017 0.75625
0 0.7375000000000002 0.7765625 0.6890625000000001 0.7765625 0.6890625000000001 0.8296875 0.7375000000000002 0.8296875
0 0.8234375 0.8734375 0.7609375000000002 0.8734375 0.7609375000000002 0.9234375 0.8234375 0.9234375
0 0.5593750000000002 0.903125 0.5265625000000002 0.903125 0.5265625000000002 0.95 0.5593750000000002 0.95
0 0.6437500000000002 0.8140625 0.5671875000000002 0.8140625 0.5671875000000002 0.840625 0.6437500000000002 0.840625
0 0.48375202490453956 0.7530165635005287 0.47469992290440544 0.728593888066367 0.44074727010121595 0.7411782127108207 0.44979937210135007 0.7656008881449823
0 0.5044812422595331 0.81488330239492 0.4724051078125001 0.8116666671875 0.46988441366778844 0.8368029102091249 0.5019605481148213 0.8400195454165449
0 0.5516202837690922 0.949441660209691 0.5481482342168429 0.9089045615493323 0.5294067827371961 0.9105097886220346 0.5328788322894454 0.9510468872823934
0 0.5895045090015325 0.8314169304167855 0.5870705796875001 0.8150000000000001 0.5719204421932286 0.8172461180514737 0.5743543715072611 0.8336630484682592
0 0.7384591934491503 0.8052133184015791 0.7007146401892493 0.7822562572212968 0.6896909910649917 0.8003806464112502 0.7274355443248927 0.8233377075915325
0 0.8235926198699444 0.8934101559608811 0.7649089253465209 0.873973337440353 0.7560924062299377 0.9005921955652598 0.814776100753361 0.9200290140857879