0 0.8375 0.55 0.63125 0.55 0.63125 0.6671875 0.8375 0.6671875000000002
0 0.5843750000000001 0.646875 0.4234375 0.646875 0.4234375000000001 0.7640625 0.5843750000000002 0.7640625
0 0.7078125000000002 0.79375 0.5687500000000002 0.79375 0.5687500000000002 0.95 0.7078125000000002 0.95
0 0.3203125000000001 0.9375 0.2062500000000001 0.9375 0.2062500000000001 0.9984375 0.3203125000000001 0.9984375
0 0.8609375 0.4734375000000002 0.78125 0.4734375000000002 0.78125 0.5296875000000002 0.8609375 0.5296875000000002
0 0.9546875 0.4500000000000002 0.8671875 0.4500000000000002 0.8671875 0.5015625000000001 0.9546875 0.5015625000000001
0 0.703125 0.4203125 0.571875 0.4203125 0.571875 0.4734375 0.703125 0.4734375
0 0.7859375 0.4250000000000001 0.709375 0.425 0.709375 0.4625000000000001 0.7859375 0.4625000000000002
0 0.784375 0.38750000000000007 0.7390625 0.38750000000000007 0.7390625 0.41718750000000016 0.784375 0.41718750000000016
0 0.2890625000000001 0.4875 0.2000000000000001 0.4875 0.2000000000000001 0.521875 0.2890625000000001 0.521875
0 0.07031250000000007 0.49375 0.0015625000000000604 0.49375 0.001562500000000065 0.5671875 0.07031250000000007 0.5671875