0 0.553125 0.4234375 0.2734375000000001 0.4234375 0.2734375000000001 0.603125 0.553125 0.603125
0 0.2734375000000001 0.446875 0.10000000000000005 0.446875 0.10000000000000006 0.63125 0.2734375000000001 0.63125
0 0.17343750000000008 0.696875 0.04062500000000009 0.696875 0.04062500000000009 0.8171875 0.17343750000000008 0.8171875
0 0.91875 0.2468750000000001 0.7203125 0.2468750000000001 0.7203125 0.36406250000000007 0.91875 0.36406250000000007
0 0.8625 0.3937500000000001 0.646875 0.3937500000000001 0.646875 0.5437500000000001 0.8625 0.5437500000000002
0 0.903125 0.5640625000000001 0.6703125 0.5640625 0.6703125000000001 0.7375 0.903125 0.7375000000000002
0 0.7953125000000002 0.95 0.6656250000000001 0.95 0.6656250000000001 0.996875 0.7953125000000002 0.996875
0 0.1830271304421512 0.7182964562210963 0.04225037550260165 0.6973877261451523 0.026328659822990975 0.804587324509308 0.16710541476254054 0.8254960545852521
0 0.5653270318456317 0.5939598501045062 0.5476669604963553 0.4104647734966182 0.09817246028741532 0.4537253616908193 0.11583253163669172 0.6372204382987073
0 0.9449075917030353 0.6507741810511397 0.704545042110003 0.5342071083638811 0.646395232023931 0.6541126381882281 0.8867577816169632 0.7706797108754866
0 0.8695403441180767 0.509974770870077 0.8385247619772433 0.39285246817580816 0.6428474541053715 0.44467048639937035 0.673863036246205 0.5617927890936393
0 0.9367148684446646 0.2884728496104294 0.7409885834632655 0.23723009272853873 0.7136625813620098 0.34160419748250914 0.9093888663434088 0.3928469543643998