0 0.350000 0.620313 0.000000 0.620313 0.000000 0.917188 0.350000 0.917188
0 0.528125 0.276563 0.189063 0.276562 0.189063 0.500000 0.528125 0.500000
0 0.267188 0.179688 0.000000 0.179688 0.000000 0.439063 0.267188 0.439063
0 0.459375 0.143750 0.310937 0.143750 0.310937 0.223438 0.459375 0.223438
0 0.998437 0.085938 0.589063 0.085938 0.589063 0.296875 0.998437 0.296875
0 0.865625 0.287500 0.553125 0.287500 0.553125 0.460938 0.865625 0.460938
0 0.998437 0.564063 0.682813 0.564063 0.682813 0.914062 0.998437 0.914062
0 0.218750 0.079688 0.000000 0.079687 0.000000 0.173438 0.218750 0.173438
0 0.321307 0.637294 0.003438 0.630557 0.000000 0.913449 0.315311 0.920186
0 0.040823 0.179167 0.000000 0.179167 0.000000 0.280840 0.040823 0.280840
0 0.220186 0.095963 0.001039 0.081944 0.000000 0.177304 0.214086 0.191323
0 0.465473 0.222844 0.463540 0.153388 0.313138 0.157572 0.315070 0.227028
0 0.551001 0.461715 0.518223 0.250002 0.176645 0.302885 0.209423 0.514598
0 0.301997 0.244159 0.246144 0.147432 0.000000 0.316840 0.008616 0.413567
0 0.998774 0.086111 0.598451 0.080346 0.595081 0.314305 0.995404 0.320070
0 0.852908 0.309914 0.556581 0.301822 0.552353 0.456649 0.848680 0.464741
0 0.994201 0.922071 0.991122 0.568733 0.681522 0.571431 0.684600 0.924769