0 0.7703125000000001 0.7109375000000001 0.5109375 0.7109375 0.5109375 0.9140625 0.7703125000000002 0.9140625
0 0.7578125 0.4468750000000001 0.55 0.446875 0.55 0.5375000000000001 0.7578125 0.5375000000000002
0 0.8453125 0.36406250000000007 0.6640625 0.36406250000000007 0.6640625 0.4140625000000001 0.8453125 0.41406250000000017
0 0.828125 0.29375000000000007 0.7046875 0.29375000000000007 0.7046875 0.33281250000000007 0.828125 0.33281250000000007
0 0.74375 0.2671875000000001 0.6375 0.2671875000000001 0.6375 0.3000000000000001 0.74375 0.3000000000000001
0 0.6921875 0.24375000000000008 0.596875 0.24375000000000008 0.596875 0.27031250000000007 0.6921875 0.27031250000000007
0 0.74375 0.20312500000000008 0.678125 0.20312500000000008 0.678125 0.2296875000000001 0.74375 0.2296875000000001
0 0.5 0.38750000000000007 0.3765625000000001 0.38750000000000007 0.3765625000000001 0.434375 0.5 0.434375
0 0.4875 0.3468750000000001 0.4 0.3468750000000001 0.4 0.3859375000000001 0.4875 0.3859375000000001
0 0.5734375 0.3000000000000001 0.5 0.3000000000000001 0.5 0.3296875000000001 0.5734375 0.3296875000000001
0 0.4328125 0.31093750000000003 0.3421875 0.3109375 0.3421875 0.34375000000000006 0.4328125 0.3437500000000001
0 0.36562500000000003 0.353125 0.303125 0.353125 0.30312500000000003 0.38281250000000006 0.3656250000000001 0.3828125000000001
0 0.1375000000000001 0.703125 0.014062500000000089 0.703125 0.014062500000000094 0.803125 0.1375000000000001 0.803125
0 0.12665913125000008 0.7180555562500001 0.025362559375000086 0.7180555562500001 0.025362559375000093 0.801388890625 0.12665913125000008 0.801388890625
0 0.7776620796202385 0.7518039274058126 0.5509944257248603 0.7379739206547096 0.5413020896874957 0.8968269935340747 0.7679697435828738 0.9106570002851777
0 0.7611225710098302 0.46445186361161744 0.5683498435599676 0.4373707721020281 0.5555108010016072 0.5287635895201741 0.7482835284514696 0.5558446810297635
0 0.8408865548635213 0.3674484206326801 0.6702816219959753 0.36455692914749216 0.6694053530462638 0.4162588989112857 0.8400102859138098 0.41915039039647367
0 0.5126969597387374 0.4322364289179294 0.511850558531204 0.3899264037901187 0.38242953113669487 0.3925154382692056 0.38327593234422835 0.43482546339701633
0 0.4955470483062479 0.3587404522748311 0.4034696094204901 0.34721623205026547 0.3991952609418916 0.38136787555805196 0.4912726998276494 0.3928920957826175
0 0.36597578359890115 0.37990438588005193 0.35067455265068215 0.3425605373352777 0.3058452384669866 0.36092885544669484 0.3211464694152056 0.3982727039914691
0 0.43282516875 0.3166666671875001 0.33721941875 0.31666666718750003 0.33721941875 0.34444444375000005 0.43282516875 0.3444444437500001
0 0.4819422466568666 0.26297591319372826 0.4492066117310537 0.25666388055791645 0.4439609423382236 0.2838691134984009 0.47669657726403647 0.29018114613421264
0 0.573352279191947 0.3086470676428355 0.4993476809767583 0.2947536823899713 0.4931478437500001 0.3277777765625 0.5671524419651888 0.3416711618153642
0 0.84484043125 0.36527777656250005 0.6672868937499999 0.36527777656250005 0.6672868937499999 0.4097222234375001 0.84484043125 0.40972222343750014
0 0.8321795360521674 0.30220385581784887 0.7004102605646211 0.2956407311712906 0.6986794732270355 0.33039012353827324 0.8304487487145819 0.33695324818483163
0 0.7417772199074528 0.2699777667083184 0.6473689795060109 0.2647411595757429 0.6455746016669281 0.29709112399245974 0.7399828420683701 0.30232773112503525
0 0.6945417870690467 0.2539673930112157 0.607157549010406 0.2429362838205868 0.6044677009738113 0.2642442336477019 0.6918519390324521 0.27527534283833077
0 0.7458201890625001 0.2194444437500001 0.6890637996948132 0.20460318372527828 0.6849602698417604 0.22029602501596662 0.7417166592094472 0.23513728504068845
0 0.8038665375 0.22222222343749998 0.7993138828125 0.20555555625 0.7809555377115525 0.21057030844600338 0.7855081923990526 0.22723697563350337
0 0.7099294867720614 0.33095718395643525 0.5690999737887609 0.32703363320090045 0.5677387599237991 0.3758922048399379 0.7085682729070996 0.37981575559547265
0 0.6696844959834691 0.31508906243450785 0.6634348156691698 0.2884573900120121 0.6111886813776507 0.30071804085661047 0.6174383616919499 0.3273497132791062
0 0.537001599632655 0.2317487232921688 0.4960656230607662 0.21676260079563225 0.4867396437713186 0.24223737385924365 0.5276756203432075 0.2572234963557802
0 0.6206221796875 0.2013888906250001 0.5864772671875 0.2013888906250001 0.5864772671875 0.21527777656250008 0.6206221796875 0.21527777656250008