0 0.231250 0.520312 0.112500 0.520312 0.112500 0.570312 0.231250 0.570312
0 0.323438 0.604688 0.231250 0.604688 0.231250 0.664062 0.323438 0.664062
0 0.454688 0.506250 0.353125 0.506250 0.353125 0.550000 0.454688 0.550000
0 0.701562 0.557813 0.573438 0.557813 0.573438 0.617188 0.701562 0.617188
0 0.673438 0.706250 0.331250 0.706250 0.331250 0.840625 0.673438 0.840625
0 0.117188 0.418750 0.000000 0.418750 0.000000 0.456250 0.117188 0.456250
0 0.339063 0.403125 0.270313 0.403125 0.270313 0.429688 0.339063 0.429688
0 0.662705 0.832129 0.656177 0.704296 0.342576 0.720310 0.349104 0.848142
0 0.699149 0.565278 0.586430 0.565278 0.586430 0.616667 0.699149 0.616667
0 0.455704 0.519225 0.362051 0.510378 0.358999 0.542682 0.452652 0.551529
0 0.324159 0.620117 0.241395 0.596661 0.226894 0.647830 0.309658 0.671285
0 0.230099 0.567120 0.226413 0.522901 0.118481 0.531897 0.122167 0.576116
0 0.117735 0.431234 0.002125 0.420995 0.000000 0.456309 0.114607 0.466547
0 0.331268 0.431481 0.328704 0.406145 0.280054 0.411069 0.282618 0.436405
0 0.585866 0.558836 0.495586 0.550307 0.490896 0.599957 0.581175 0.608485
0 0.585938 0.554688 0.496875 0.554688 0.496875 0.621875 0.585938 0.621875