0 0.7671875 0.04375000000000008 0.628125 0.04375000000000008 0.628125 0.11093750000000009 0.7671875 0.11093750000000009
0 0.70625 0.32656250000000003 0.3015625 0.3265625 0.30156250000000007 0.6828125 0.70625 0.6828125
0 0.3687500000000001 0.45625 0.20312500000000008 0.45625 0.20312500000000008 0.625 0.3687500000000001 0.625
0 0.2890625 0.3015625 0.23125 0.3015625 0.23125 0.3421875 0.2890625 0.3421875
0 0.28125 0.043750000000000025 0.159375 0.043750000000000025 0.15937500000000002 0.2015625 0.28125 0.2015625
0 0.91875 0.25468750000000007 0.79375 0.25468750000000007 0.79375 0.3375000000000001 0.91875 0.3375000000000001
0 0.671875 7.921933981984441e-17 0.621875 7.615772282197602e-17 0.621875 0.03281250000000008 0.671875 0.03281250000000008
0 0.7784583804102275 0.5957802307970628 0.3936026892102336 0.28151289979020216 0.2810403698061495 0.419358119331611 0.6658960610061434 0.7336254503384716
0 0.36945877565075447 0.5869308642723852 0.235674365625 0.47222222187499996 0.1742988487957992 0.5438043375500745 0.3080832588215537 0.6585129799474597
0 0.2543672053333394 0.20063902703323522 0.21345917187500002 0.055555556250000006 0.1577900691466732 0.0712521308129879 0.19869810260501258 0.2163356015962231
0 0.7549544812500001 0.06111111093750009 0.6459631416992523 0.05450348597717982 0.6430345006082904 0.10281078511781191 0.7520258401590382 0.10941841007813218
0 0.9061364190269705 0.27955409585962937 0.8077155609375002 0.27222222187500006 0.8035253650218979 0.32847014408985736 0.9019462231113682 0.3358020180744867