0 0.764062 0.318750 0.614062 0.318750 0.614062 0.340625 0.764062 0.340625
0 0.534375 0.171875 0.414062 0.171875 0.414062 0.192188 0.534375 0.192188
0 0.396875 0.182813 0.223438 0.182813 0.223438 0.209375 0.396875 0.209375
0 0.396875 0.282813 0.176563 0.282813 0.176563 0.328125 0.396875 0.328125
0 0.334375 0.346875 0.120313 0.346875 0.120313 0.403125 0.334375 0.403125
0 0.778125 0.173438 0.617188 0.173438 0.617188 0.189063 0.778125 0.189063
0 0.557813 0.128125 0.514062 0.128125 0.514062 0.145313 0.557813 0.145313
0 0.690625 0.500000 0.060938 0.500000 0.060938 0.868750 0.690625 0.868750
0 0.801639 0.515958 0.068910 0.491029 0.052224 0.981472 0.784953 1.000000
0 0.301691 0.361541 0.135899 0.350025 0.132245 0.402635 0.298036 0.414151
0 0.395843 0.330098 0.395165 0.286407 0.182874 0.289699 0.183552 0.333390
0 0.757898 0.316667 0.628418 0.316667 0.628418 0.347222 0.757898 0.347222
0 0.518902 0.191122 0.518076 0.168202 0.420110 0.171734 0.420936 0.194653
0 0.375035 0.198145 0.373148 0.179749 0.224463 0.195002 0.226350 0.213398
0 0.764146 0.177778 0.618348 0.177778 0.618348 0.191667 0.764146 0.191667
0 0.547531 0.131944 0.524620 0.131944 0.524620 0.147222 0.547531 0.147222