0 0.9546875 0.19375000000000012 0.8125 0.1937500000000001 0.8125 0.2734375000000001 0.9546875 0.2734375000000001
0 0.740625 0.02343750000000008 0.6109375 0.023437500000000073 0.6109375 0.11093750000000009 0.740625 0.11093750000000009
0 0.2765625 0.009375000000000027 0.1734375 0.009375000000000022 0.1734375 0.07343750000000003 0.2765625 0.07343750000000004
0 0.875 0.3265625000000001 0.6828125 0.3265625000000001 0.6828125 0.4703125000000001 0.875 0.4703125000000002
0 0.7265625 0.2640625000000001 0.634375 0.2640625000000001 0.634375 0.3312500000000001 0.7265625 0.3312500000000001
0 0.5765625 0.39687500000000003 0.15156250000000004 0.396875 0.15156250000000007 0.5703125 0.5765625 0.5703125
0 0.5818978217276489 0.5537843283338522 0.5631328727088355 0.38259990088191986 0.12075605146268428 0.4310925039846155 0.13952100048149765 0.6022769314365478
0 0.7262596453125 0.2500000000000001 0.60958416875 0.2500000000000001 0.60958416875 0.3291666671875001 0.7262596453125 0.3291666671875001
0 0.8858277955707017 0.35197295311013777 0.733185571674041 0.3154897904697734 0.7055455817462406 0.4311329865558736 0.8581878056429012 0.46761614919623806
0 0.9638157009297406 0.2435106437452212 0.8368864959365607 0.17656403075018692 0.8001631371996509 0.24619065591643766 0.9270923421928309 0.3131372689114719
0 0.7424832909879758 0.10284780593926283 0.7109504135517424 0.020067755992833412 0.6124775655746844 0.057578391080235394 0.6440104430109179 0.1403584410266648
0 0.27687675 0.01250000000000003 0.1693165453125 0.012500000000000025 0.1693165453125 0.07083333281250002 0.27687675 0.07083333281250004