0 0.46875 0.17031250000000003 0.390625 0.17031250000000003 0.390625 0.21093750000000008 0.46875 0.21093750000000008
0 0.5046875 0.10312500000000005 0.4375 0.10312500000000005 0.4375 0.14375000000000004 0.5046875 0.14375000000000004
0 0.4546875 0.3968750000000001 0.3687500000000001 0.3968750000000001 0.3687500000000001 0.4875 0.4546875 0.4875
0 0.32656250000000003 0.34375 0.2171875 0.34375 0.21718750000000003 0.434375 0.3265625000000001 0.434375
0 0.22031250000000008 0.690625 0.13281250000000008 0.690625 0.13281250000000008 0.7875 0.22031250000000008 0.7875
0 0.5734375 0.5703125 0.471875 0.5703125 0.471875 0.653125 0.5734375 0.653125
0 0.69375 0.3140625000000001 0.653125 0.3140625000000001 0.653125 0.3515625000000001 0.69375 0.3515625000000001
0 0.725 0.2812500000000001 0.6859375 0.2812500000000001 0.6859375 0.3203125000000001 0.725 0.3203125000000001
0 0.8 0.3906250000000001 0.715625 0.3906250000000001 0.715625 0.4640625000000001 0.8 0.46406250000000016
0 0.815625 0.5093750000000001 0.71875 0.509375 0.71875 0.6234375000000001 0.815625 0.6234375000000002
0 0.8128502787616521 0.6075986545860751 0.7947812647127517 0.5110884420040028 0.7180856689610808 0.5254476871040717 0.7361546830099812 0.621957899686144
0 0.7944837406910624 0.4383433818942442 0.747423902637068 0.40398155683476433 0.7150120403046369 0.44837084610424566 0.7620718783586313 0.48273267116372554
0 0.6875936864380201 0.32737949841621566 0.6658855406249999 0.31805555625000004 0.6555165847213396 0.342196719147924 0.6772247305343598 0.3515206613141396
0 0.7263049422646393 0.3006247645355676 0.6971230175678576 0.28072194560008085 0.6789280832662657 0.3073997345290267 0.7081100079630475 0.3273025534645134
0 0.45855265 0.17638889062500004 0.39578214218749996 0.17638889062500004 0.39578214218749996 0.20555555625000008 0.45855265 0.20555555625000008
0 0.49977938291084956 0.1347589830470755 0.4913223340953275 0.10145999286751903 0.4383787041352319 0.1149062523675548 0.44683575295075384 0.1482052425471113
0 0.32540695440112827 0.4325394156725605 0.3193285794053156 0.34513141993908236 0.22057573916409307 0.35199871840360747 0.22665411415990572 0.4394067141370856
0 0.44389781986287397 0.4042804588181911 0.3668965474131062 0.4026327049538577 0.3650844023701324 0.4873161502140329 0.4420856748199003 0.48896390407836626
0 0.21222595937500008 0.6944444437499999 0.1427979718750001 0.6944444437499999 0.1427979718750001 0.7833333328125 0.21222595937500008 0.7833333328125
0 0.5769781628379735 0.6327360497936503 0.5216173512596434 0.5674476745192389 0.4614127468282102 0.6184977389153549 0.5167735584065404 0.6837861141897662