0 0.6234375000000001 0.6125 0.428125 0.6125 0.4281250000000001 0.996875 0.6234375000000002 0.996875
0 0.8453125 0.5265625 0.6234375 0.5265625 0.6234375000000001 0.7796875000000001 0.8453125 0.7796875000000002
0 0.975 0.7500000000000002 0.903125 0.7500000000000002 0.903125 0.84375 0.975 0.84375
0 0.6953125 0.2968750000000001 0.5671875 0.2968750000000001 0.5671875 0.3937500000000001 0.6953125 0.3937500000000001
0 0.5359375 0.2734375000000001 0.4375 0.2734375000000001 0.4375 0.3437500000000001 0.5359375 0.3437500000000001
0 0.6265625 0.34062500000000007 0.353125 0.340625 0.353125 0.540625 0.6265625 0.540625
0 0.665625 0.4359375 0.5984375 0.4359375 0.5984375 0.49375 0.665625 0.49375
0 0.5921875 0.4734375 0.540625 0.4734375 0.540625 0.5171875 0.5921875 0.5171875
0 0.37968750000000007 0.37968750000000007 0.06718750000000004 0.3796875 0.06718750000000008 0.84375 0.37968750000000007 0.84375
0 0.4232319709468584 0.775117580054158 0.3404469761733268 0.3917238299546191 0.027937480530888136 0.4592030127965968 0.11072247530441973 0.8425967628961356
0 0.6411561305254063 0.3967408679860679 0.5349689980489423 0.26160614096527934 0.33474147785412056 0.41894235409938074 0.44092861033058445 0.5540770811201693
0 0.5404150681606705 0.2939254006224886 0.45999578635307925 0.26534296228845455 0.43764389222256916 0.3282320430592355 0.5180631740301603 0.35681448139326966
0 0.7108164552564791 0.32560797084796944 0.576043083082466 0.2953792992390615 0.5585035706773582 0.37357854212037045 0.6932769428513713 0.4038072137292783
0 0.6665395132985464 0.4527614905648331 0.6154264428256853 0.43298742820893743 0.5987789635182903 0.47601873698705893 0.6498920339911515 0.4957927993429547
0 0.5898099638638441 0.4782475080410832 0.5532276891194836 0.4741304071936797 0.5487103059978348 0.5142693682263977 0.5852925807421953 0.5183864690738011
0 0.8696639415069848 0.594065028952012 0.6576306359531492 0.5294704242721 0.602517950985449 0.710379105880345 0.8145512565392847 0.7749737105602571
0 0.6404188247000256 0.9878728732792051 0.6301159010050115 0.6226211681728353 0.42801111121255275 0.6283220867408189 0.4383140349075669 0.9935737918471889
0 0.9745259087134166 0.8379290203954728 0.9467228274758079 0.7570787141413136 0.894848629661459 0.7749173916032672 0.9226517108990674 0.8557676978574265