0 0.823438 0.453125 0.762500 0.453125 0.762500 0.506250 0.823438 0.506250
0 0.745313 0.317188 0.493750 0.317188 0.493750 0.390625 0.745313 0.390625
0 0.242188 0.484375 0.004688 0.484375 0.004688 0.773438 0.242188 0.773438
0 0.100000 0.785937 0.000000 0.785937 0.000000 0.995313 0.100000 0.995313
0 0.745313 0.710938 0.373438 0.710938 0.373438 0.976562 0.745313 0.976562
0 0.796875 0.653125 0.718750 0.653125 0.718750 0.726563 0.796875 0.726563
0 0.589063 0.496875 0.459375 0.496875 0.459375 0.576562 0.589063 0.576562
0 0.417187 0.603125 0.356250 0.603125 0.356250 0.643750 0.417187 0.643750
0 0.367188 0.393750 0.306250 0.393750 0.306250 0.437500 0.367188 0.437500
0 0.759375 0.414063 0.646875 0.414062 0.646875 0.481250 0.759375 0.481250
0 0.743750 0.506250 0.696875 0.506250 0.696875 0.540625 0.743750 0.540625
0 0.864062 0.582813 0.807813 0.582813 0.807813 0.640625 0.864062 0.640625
0 0.828125 0.746875 0.767188 0.746875 0.767188 0.806250 0.828125 0.806250
0 0.468750 0.296875 0.298438 0.296875 0.298438 0.340625 0.468750 0.340625
0 0.271209 0.593891 0.168972 0.478520 0.000000 0.640659 0.088240 0.756030
0 0.226445 0.673771 0.115081 0.607126 0.000000 0.947109 0.022984 1.000000
0 0.812529 0.833483 0.403716 0.642516 0.310460 0.842154 0.719273 1.000000
0 0.421404 0.602719 0.355466 0.594423 0.347738 0.655852 0.413676 0.664147
0 0.379347 0.419993 0.341668 0.380920 0.297307 0.423700 0.334986 0.462772
0 0.478836 0.310727 0.292255 0.279830 0.284147 0.328796 0.470728 0.359693
0 0.762606 0.334976 0.491335 0.298222 0.481558 0.370383 0.752829 0.407136
0 0.775796 0.458415 0.671029 0.402651 0.647575 0.446714 0.752342 0.502479
0 0.832348 0.509385 0.809705 0.455391 0.753930 0.478781 0.776573 0.532775
0 0.589259 0.495833 0.460654 0.495833 0.460654 0.575000 0.589259 0.575000
0 0.859515 0.588889 0.812229 0.588889 0.812229 0.638889 0.859515 0.638889
0 0.795948 0.715111 0.769561 0.646292 0.709090 0.669478 0.735476 0.738297
0 0.834298 0.804492 0.806601 0.735693 0.761531 0.753838 0.789229 0.822636
0 0.754047 0.548961 0.729982 0.495137 0.692968 0.511687 0.717033 0.565510