0 0.825 0.4546875000000002 0.765625 0.4546875000000002 0.765625 0.5078125000000002 0.825 0.5078125000000002
0 0.7453125 0.31718750000000007 0.4953125 0.31718750000000007 0.4953125 0.3906250000000001 0.7453125 0.3906250000000001
0 0.24218750000000008 0.484375 0.00468750000000006 0.484375 0.004687500000000077 0.7734375 0.24218750000000008 0.7734375
0 0.10156250000000011 0.7859375 9.62495843704873e-17 0.7859375 1.0916578108024453e-16 0.996875 0.10156250000000014 0.996875
0 0.7453125 0.7125000000000001 0.3734375000000001 0.7125 0.3734375000000001 0.9796875 0.7453125000000002 0.9796875
0 0.7968750000000001 0.6546875000000001 0.71875 0.6546875 0.7187500000000001 0.7281250000000001 0.7968750000000002 0.7281250000000001
0 0.5890625 0.496875 0.459375 0.496875 0.459375 0.578125 0.5890625 0.578125
0 0.4171875 0.603125 0.35625000000000007 0.603125 0.35625000000000007 0.64375 0.4171875 0.64375
0 0.3687500000000001 0.39375000000000004 0.3078125000000001 0.39375 0.3078125000000001 0.4375 0.3687500000000001 0.4375
0 0.759375 0.4140625000000001 0.646875 0.4140625 0.646875 0.48125000000000007 0.759375 0.4812500000000002
0 0.7421875 0.5078125000000001 0.6953125 0.5078125 0.6953125 0.5421875 0.7421875 0.5421875000000002
0 0.8640625 0.5843750000000002 0.8078125 0.5843750000000002 0.8078125 0.6406250000000002 0.8640625 0.6406250000000002
0 0.8296875 0.7468750000000002 0.7687500000000002 0.7468750000000002 0.7687500000000002 0.8078125 0.8296875 0.8078125
0 0.46875 0.2984375 0.2984375 0.2984375 0.2984375 0.34218750000000003 0.46875 0.3421875000000001