0 0.7828125 0.3265625000000001 0.390625 0.3265625000000001 0.39062500000000006 0.6343750000000001 0.7828125 0.6343750000000001
0 1 0.7000000000000001 0.6953125 0.7 0.6953125000000001 0.9140625 1 0.9140625
0 0.2984375000000001 0.453125 0.04843750000000006 0.453125 0.048437500000000064 0.5765625 0.2984375000000001 0.5765625
0 0.2953125000000001 0.5671875 0.04531250000000007 0.5671875 0.045312500000000075 0.7 0.2953125000000001 0.7
0 0.3156250000000001 0.684375 0.0984375000000001 0.684375 0.0984375000000001 0.9375 0.3156250000000001 0.9375
0 0.4375 0.31718750000000007 0.17500000000000004 0.3171875 0.17500000000000004 0.440625 0.4375 0.440625
0 0.4125 0.24687500000000004 0.2578125 0.246875 0.2578125 0.30312500000000003 0.4125 0.3031250000000001
0 0.7078125 0.12968750000000007 0.534375 0.12968750000000004 0.534375 0.2000000000000001 0.7078125 0.2000000000000001
0 0.5125 0.15781250000000005 0.3375 0.15781250000000005 0.3375 0.23437500000000006 0.5125 0.23437500000000008
0 0.3296875 0.11406250000000004 0.1921875 0.11406250000000004 0.1921875 0.2046875 0.3296875 0.2046875
0 0.3953125 0.07031250000000004 0.290625 0.07031250000000004 0.290625 0.12031250000000004 0.3953125 0.12031250000000004
0 0.5109375 0.05000000000000006 0.39375 0.050000000000000044 0.39375 0.09062500000000005 0.5109375 0.09062500000000007
0 0.6203125 0.07343750000000007 0.503125 0.07343750000000007 0.503125 0.11718750000000007 0.6203125 0.11718750000000008
0 0.7828125 0.09687500000000009 0.696875 0.09687500000000009 0.696875 0.1312500000000001 0.7828125 0.1312500000000001
0 0.740625 0.05312500000000009 0.678125 0.05312500000000009 0.678125 0.07343750000000009 0.740625 0.07343750000000009
0 0.71875 0.014062500000000085 0.6609375 0.014062500000000084 0.6609375 0.034375000000000086 0.71875 0.034375000000000086
0 0.6515625 0.02656250000000008 0.590625 0.02656250000000008 0.590625 0.053125000000000075 0.6515625 0.05312500000000009
0 0.9328125 0.02656250000000011 0.8625 0.02656250000000011 0.8625 0.05625000000000011 0.9328125 0.05625000000000011
0 0.1546875 0.134375 0.09843750000000002 0.134375 0.09843750000000002 0.159375 0.1546875 0.159375
0 0.2359375 0.06250000000000003 0.18125 0.06250000000000003 0.18125 0.09218750000000002 0.2359375 0.09218750000000002
0 0.9991194691939296 0.7022246956357392 0.7146883786808578 0.697959238350655 0.7116279938793515 0.9020331578166921 0.9960590843924232 0.9062986151017762
0 0.785042899378133 0.4137239718317295 0.4550152497294163 0.3348547409228257 0.39314994546972926 0.5937295990181173 0.723177595118446 0.6725988299270211
0 0.4373276828125 0.4472222234374999 0.43385230132402963 0.3247440059388668 0.22870604907691083 0.3305651348061013 0.23218143056538118 0.45304335230473425
0 0.268326368116551 0.539212584097518 0.24971247583709344 0.4492667571914305 0.04275195556695281 0.49209632430888134 0.06136584784641038 0.5820421512149688
0 0.2916484115228033 0.6717380098236105 0.27213747058510895 0.5620149858001425 0.03523648425762952 0.6041407036561175 0.05474742519532384 0.7138637276795856
0 0.3191322724425869 0.7153154000326074 0.1265764369350269 0.6651807953035858 0.06477154785316688 0.9025595902483976 0.25732738336072686 0.9526941949774195
0 0.504568460036626 0.22759798646811086 0.5028468557652384 0.17208935315027746 0.3474446886880585 0.17690916258588488 0.3491662929594461 0.23241779590371822
0 0.6738115492111694 0.21057970823560784 0.6684570456262098 0.1363035451102281 0.5369204903774218 0.14578590024270816 0.5422749939623814 0.22006206336808787
0 0.606037690625 0.07916666718750007 0.5102270671875 0.07916666718750007 0.5102270671875 0.11805555625000005 0.606037690625 0.11805555625000008
0 0.780996215625 0.09861110937500009 0.7028897296875 0.09861110937500009 0.7028897296875 0.12777777656250008 0.780996215625 0.12777777656250008
0 0.9406079581274008 0.028528457215357773 0.8871132290098631 0.026157499817751263 0.8860669477955015 0.049764220967416485 0.9395616769130394 0.052135178365022995
0 0.7362151625 0.05277777656250009 0.688309853125 0.05277777656250009 0.688309853125 0.07916666718750008 0.7362151625 0.07916666718750008
0 0.7217403608830417 0.027395527607582924 0.7147457136967323 0.0064165474415081025 0.6665282852922392 0.022492824612785855 0.6735229324785486 0.04347180477886068
0 0.6497773203125 0.030555556250000077 0.5852092921875001 0.03055555625000007 0.5852092921875001 0.05694444375000006 0.6497773203125 0.05694444375000007
0 0.49773002968749996 0.05138889062500006 0.3946294703125 0.05138889062500005 0.3946294703125 0.09722222343750005 0.49773002968749996 0.09722222343750006
0 0.384215271875 0.07083333281250005 0.29361175 0.07083333281250005 0.29361175 0.11666666718750004 0.384215271875 0.11666666718750004
0 0.23529224218749997 0.06250000000000003 0.17801415468749998 0.06250000000000003 0.17801415468749998 0.09166666718750002 0.23529224218749997 0.09166666718750002
0 0.1575754624032347 0.15380839863954404 0.15602539801132073 0.13313598878094177 0.0978248296875 0.1375 0.09937489407941397 0.1581724098586023
0 0.3272099063557807 0.18690985719684564 0.3112022132695521 0.10889084641513491 0.18029737771910073 0.13574948522635752 0.19630507080532933 0.21376849600806827
0 0.4032144183107892 0.2551346999748138 0.2659331397699501 0.2485035108102426 0.26309437234815314 0.3072727015952805 0.4003756508889923 0.3139038907598517