0 0.4640625 0.5140625 0.2000000000000001 0.5140625 0.2000000000000001 0.7109375 0.4640625 0.7109375
0 0.89375 0.7140625 0.45625 0.7140625 0.4562500000000001 0.990625 0.89375 0.990625
0 0.36406250000000007 0.8765625 0.034375000000000114 0.8765625 0.034375000000000114 0.996875 0.36406250000000007 0.996875
0 0.1609375000000001 0.6765625 0.0031250000000000834 0.6765625 0.0031250000000000917 0.8140625 0.1609375000000001 0.8140625
0 0.8546875 0.3734375000000001 0.4640625 0.3734375000000001 0.4640625 0.5375000000000001 0.8546875 0.5375000000000002
0 0.39062500000000006 0.35000000000000003 0.2375 0.35 0.23750000000000004 0.4171875 0.3906250000000001 0.4171875
0 0.19375000000000003 0.3875 0.05312500000000005 0.3875 0.053125000000000054 0.4875 0.19375000000000003 0.4875
0 0.05312500000000007 0.4828125 0.0031250000000000596 0.4828125 0.003125000000000063 0.54375 0.05312500000000007 0.54375
0 0.45 0.15781250000000005 0.296875 0.15781250000000005 0.296875 0.21093750000000006 0.45 0.21093750000000008
0 0.6140625 0.2468750000000001 0.4234375 0.2468750000000001 0.4234375 0.3109375000000001 0.6140625 0.3109375000000001
0 0.640625 0.2000000000000001 0.55625 0.2000000000000001 0.55625 0.2375000000000001 0.640625 0.2375000000000001
0 0.88125 0.1937500000000001 0.6875 0.1937500000000001 0.6875 0.2640625000000001 0.88125 0.2640625000000001
0 0.3578125 0.10625000000000004 0.2578125 0.10625000000000004 0.2578125 0.14375000000000004 0.3578125 0.14375000000000004
0 0.4796875 0.08750000000000005 0.346875 0.08750000000000005 0.346875 0.12812500000000004 0.4796875 0.12812500000000004
0 0.784375 0.12343750000000006 0.5375 0.12343750000000005 0.5375 0.19062500000000007 0.784375 0.1906250000000001
0 0.340625 0.032812500000000036 0.1609375 0.03281250000000002 0.1609375 0.10312500000000002 0.340625 0.10312500000000005
0 0.5015625 0.31718750000000007 0.3640625 0.31718750000000007 0.36406250000000007 0.3703125000000001 0.5015625 0.3703125000000001
0 0.34375 0.2640625 0.28125 0.2640625 0.28125 0.3015625 0.34375 0.3015625
0 1 0.6562500000000002 0.9171875 0.6562500000000002 0.9171875 0.7625000000000002 1 0.7625000000000002