0 0.728125 0.4234375000000001 0.4484375 0.4234375 0.4484375 0.6031250000000001 0.728125 0.6031250000000001
0 0.9015625 0.4468750000000002 0.728125 0.4468750000000002 0.728125 0.6312500000000002 0.9015625 0.6312500000000002
0 0.9609375 0.6968750000000001 0.828125 0.6968750000000001 0.828125 0.8171875 0.9609375 0.8171875
0 0.28125000000000006 0.246875 0.08281250000000002 0.246875 0.08281250000000004 0.3640625 0.2812500000000001 0.3640625
0 0.3531250000000001 0.39375 0.13750000000000004 0.39375 0.13750000000000004 0.54375 0.3531250000000001 0.54375
0 0.3312500000000001 0.5640625 0.09843750000000007 0.5640625 0.09843750000000008 0.7375 0.3312500000000001 0.7375
0 0.3359375000000001 0.95 0.2062500000000001 0.95 0.2062500000000001 0.996875 0.3359375000000001 0.996875
0 0.9739428746061064 0.8023832098859313 0.9562024082097255 0.6959656527034375 0.815694733816543 0.7193891529415726 0.8334352002129239 0.8258067101240663
0 0.9048694344306675 0.4674300181694922 0.4608768518414614 0.4016377382749682 0.4332195681485988 0.5882801351319051 0.8772121507378049 0.6540724150264292
0 0.35166451060578374 0.6636534908480535 0.30174280253737706 0.540265185444191 0.057452322702045144 0.6391027371741839 0.10737403077045178 0.7624910425780463
0 0.35802553693028905 0.4530075630941214 0.16394249950425455 0.39261185234156626 0.12829766920279145 0.5071573531269981 0.322380706628826 0.5675530638795532
0 0.28637047536200455 0.33695083701843165 0.25465254836945084 0.23389200086353065 0.06179878402742367 0.29324568508761445 0.0935167110199774 0.3963045212425155