0 0.48906250000000007 0.7109375 0.2296875000000001 0.7109375 0.2296875000000001 0.9140625 0.4890625000000002 0.9140625
0 0.4515625 0.446875 0.24375000000000008 0.446875 0.24375000000000008 0.5375 0.4515625 0.5375
0 0.3375000000000001 0.3640625 0.15625000000000006 0.3640625 0.15625000000000006 0.4140625 0.3375000000000001 0.4140625
0 0.2953125 0.29375 0.17187500000000006 0.29375 0.17187500000000006 0.3328125 0.2953125 0.3328125
0 0.3640625 0.2671875 0.2578125 0.2671875 0.2578125 0.30000000000000004 0.3640625 0.3000000000000001
0 0.4046875 0.24375000000000005 0.309375 0.24375 0.309375 0.27031250000000007 0.4046875 0.27031250000000007
0 0.3234375 0.203125 0.2578125 0.203125 0.2578125 0.2296875 0.3234375 0.2296875
0 0.6234375 0.38750000000000007 0.5 0.38750000000000007 0.5 0.434375 0.6234375 0.434375
0 0.6015625 0.3468750000000001 0.5140625 0.3468750000000001 0.5140625 0.3859375000000001 0.6015625 0.3859375000000001
0 0.5 0.3000000000000001 0.4265625 0.3000000000000001 0.4265625 0.3296875000000001 0.5 0.3296875000000001
0 0.659375 0.3109375000000001 0.56875 0.3109375000000001 0.56875 0.3437500000000001 0.659375 0.3437500000000001
0 0.696875 0.3531250000000001 0.634375 0.3531250000000001 0.634375 0.3828125000000001 0.696875 0.3828125000000001
0 0.9875 0.7031250000000002 0.8640625 0.7031250000000002 0.8640625 0.803125 0.9875 0.803125