0 0.803125 0.656250 0.726562 0.656250 0.726563 0.746875 0.803125 0.746875
0 0.706250 0.529687 0.521875 0.529687 0.521875 0.700000 0.706250 0.700000
0 0.593750 0.823438 0.415625 0.823438 0.415625 0.976562 0.593750 0.976562
0 0.420312 0.564063 0.376563 0.564063 0.376563 0.604688 0.420312 0.604688
0 0.495312 0.243750 0.418750 0.243750 0.418750 0.270313 0.495312 0.270313
0 0.798100 0.655556 0.727760 0.655556 0.727760 0.765278 0.798100 0.765278
0 0.605261 0.941039 0.548793 0.801579 0.373686 0.872481 0.430154 1.000000
0 0.714151 0.638249 0.604933 0.503512 0.474499 0.609241 0.583718 0.743979
0 0.420857 0.572320 0.386020 0.561942 0.372387 0.607704 0.407224 0.618083
0 0.513352 0.515597 0.508174 0.473351 0.409677 0.485422 0.414855 0.527669
0 0.490950 0.250000 0.434678 0.250000 0.434678 0.275000 0.490950 0.275000