0 0.5484375000000001 0.7171875 0.3265625000000001 0.7171875 0.3265625000000001 0.9015625 0.5484375000000001 0.9015625
0 0.5296875 0.453125 0.34843750000000007 0.453125 0.34843750000000007 0.546875 0.5296875 0.546875
0 0.4328125 0.37031250000000004 0.2875000000000001 0.3703125 0.2875000000000001 0.434375 0.4328125 0.434375
0 0.4 0.31093750000000003 0.2984375 0.3109375 0.2984375 0.35000000000000003 0.4 0.3500000000000001
0 0.5234375 0.3437500000000001 0.396875 0.3437500000000001 0.39687500000000003 0.4015625 0.5234375 0.4015625
0 0.6546875 0.403125 0.5546875 0.403125 0.5546875 0.446875 0.6546875 0.446875
0 0.646875 0.3671875000000001 0.565625 0.3671875000000001 0.565625 0.4046875 0.646875 0.4046875
0 0.559375 0.3203125000000001 0.50625 0.3203125000000001 0.50625 0.3437500000000001 0.559375 0.3437500000000001
0 0.4515625 0.2875000000000001 0.3765625 0.2875000000000001 0.3765625 0.3140625000000001 0.4515625 0.3140625000000001
0 0.4875 0.2640625000000001 0.4078125 0.2640625000000001 0.4078125 0.2906250000000001 0.4875 0.2906250000000001
0 0.94375 0.7093750000000002 0.84375 0.7093750000000002 0.84375 0.8 0.94375 0.8
0 0.421875 0.22656250000000008 0.3671875 0.22656250000000008 0.3671875 0.2500000000000001 0.421875 0.2500000000000001
0 0.6890625 0.3296875000000001 0.609375 0.3296875000000001 0.609375 0.36406250000000007 0.6890625 0.36406250000000007
0 0.944139931285204 0.7693643554716794 0.8697624842882989 0.7022460587516055 0.8311243449049789 0.7450630893450296 0.905501791901884 0.8121813860651035
0 0.5730642606984786 0.8769145632864508 0.5207782722991929 0.7045839632165388 0.3037624712274665 0.7704276709080033 0.35604845962675213 0.9427582709779154
0 0.5212138590059829 0.5421993159875298 0.5131441039569655 0.4463709367643632 0.3420109996180035 0.4607821398337301 0.35008075466702093 0.5566105190568968
0 0.4283610650996909 0.44047421506767553 0.425471153596073 0.3679166445487668 0.2883699795171669 0.37337727749577126 0.2912598910207848 0.44593484801468
0 0.397471424637841 0.34846127818561196 0.3957965858164428 0.306410867632502 0.2979931209881671 0.3103063121146616 0.2996679598095654 0.3523567226677715
0 0.5265966421875 0.34305555625000006 0.40313420625 0.34305555625000006 0.40313420625 0.4027777765625 0.5265966421875 0.4027777765625
0 0.6824309163125134 0.3411836482969117 0.616958930640799 0.3267109105939911 0.6083824111558788 0.3655094967603497 0.6738543968275932 0.3799822344632703
0 0.6470971203125 0.3694444437500001 0.5624101734375 0.3694444437500001 0.5624101734375 0.4027777765625 0.6470971203125 0.4027777765625
0 0.6528864640625 0.40833333281249995 0.5605252515625 0.40833333281249995 0.5605252515625 0.448611109375 0.6528864640625 0.448611109375
0 0.5624156500634753 0.32664891258292644 0.5149268334591907 0.31200137232247016 0.5042559312498113 0.3465975235541915 0.5517447478540959 0.3612450638146477
0 0.4691064999999999 0.3277777765625001 0.4391236855309161 0.3056852027085657 0.42386835468749995 0.3263888906250002 0.4538511691565838 0.3484814644789346
0 0.446724695411757 0.3157984791588386 0.4443075198631966 0.28627434112333194 0.3725122181401839 0.29215230604876596 0.3749293936887443 0.32167644408427265
0 0.4807301271497459 0.28795139448052265 0.47751122880146035 0.2588279996745842 0.40603262727475153 0.26672825834721564 0.40925152562303707 0.29585165315315415
0 0.42043572277285685 0.24392626596898664 0.41669514203627206 0.22108196949810438 0.35849133539023786 0.23061240254136156 0.3622319161268227 0.2534566990122439
0 0.34187421875 0.23333333281250002 0.319255146875 0.23333333281250002 0.319255146875 0.24583333281250003 0.34187421875 0.24583333281250003