0 0.370313 0.550000 0.164063 0.550000 0.164063 0.667188 0.370313 0.667188
0 0.576563 0.646875 0.414062 0.646875 0.414063 0.764062 0.576563 0.764062
0 0.431250 0.793750 0.292188 0.793750 0.292188 0.951562 0.431250 0.951562
0 0.792188 0.935937 0.679688 0.935937 0.679688 0.996875 0.792188 0.996875
0 0.218750 0.473438 0.139063 0.473438 0.139063 0.531250 0.218750 0.531250
0 0.131250 0.450000 0.043750 0.450000 0.043750 0.500000 0.131250 0.500000
0 0.429688 0.420312 0.298438 0.420312 0.298438 0.473438 0.429688 0.473438
0 0.290625 0.426563 0.212500 0.426563 0.212500 0.464062 0.290625 0.464062
0 0.260938 0.387500 0.215625 0.387500 0.215625 0.417187 0.260938 0.417187
0 0.801562 0.485938 0.712500 0.485938 0.712500 0.520313 0.801562 0.520313
0 0.998437 0.493750 0.929688 0.493750 0.929688 0.567188 0.998437 0.567188
0 0.784375 0.337500 0.726562 0.337500 0.726562 0.379688 0.784375 0.379688
0 0.228125 0.256250 0.156250 0.256250 0.156250 0.323437 0.228125 0.323437
0 0.379688 0.317188 0.328125 0.317188 0.328125 0.360938 0.379688 0.360938
0 0.293750 0.256250 0.235937 0.256250 0.235937 0.342187 0.293750 0.342187
0 0.476562 0.287500 0.415625 0.287500 0.415625 0.331250 0.476562 0.331250
0 0.820312 0.390625 0.662500 0.390625 0.662500 0.484375 0.820312 0.484375
0 0.451249 0.840659 0.357811 0.771825 0.254902 0.911519 0.348340 0.980353
0 0.821707 0.959130 0.695508 0.937353 0.687094 0.986111 0.813293 1.000000
0 0.610265 0.687989 0.436308 0.629717 0.404024 0.726092 0.577981 0.784364
0 0.390291 0.642647 0.365436 0.537897 0.150370 0.588927 0.175225 0.693678
0 0.458357 0.603712 0.422622 0.546053 0.380871 0.571929 0.416606 0.629588
0 0.430400 0.450427 0.307131 0.413201 0.293329 0.458906 0.416597 0.496132
0 0.290921 0.434517 0.218843 0.428891 0.216268 0.461881 0.288346 0.467506
0 0.222386 0.522856 0.213988 0.479600 0.133580 0.495210 0.141978 0.538466
0 0.131078 0.458540 0.049719 0.447508 0.043220 0.495437 0.124580 0.506468
0 0.224675 0.265278 0.162238 0.265278 0.162238 0.294444 0.224675 0.294444
0 0.239684 0.307425 0.169881 0.282581 0.159351 0.312167 0.229154 0.337011
0 0.296905 0.343651 0.294544 0.306675 0.230506 0.310764 0.232867 0.347740
0 0.293125 0.281616 0.289293 0.264568 0.240186 0.275607 0.244018 0.292655
0 0.478094 0.319156 0.473905 0.294149 0.407246 0.305314 0.411434 0.330321
0 0.380147 0.346959 0.369388 0.322399 0.325206 0.341752 0.335965 0.366313
0 0.732946 0.415278 0.688104 0.397867 0.674301 0.433417 0.719143 0.450828
0 0.829126 0.442910 0.760613 0.434726 0.756388 0.470099 0.824901 0.478284
0 0.794246 0.495854 0.722555 0.485567 0.719075 0.509821 0.790766 0.520108
0 0.998301 0.513889 0.934184 0.501504 0.923452 0.557059 0.987569 0.569444
0 0.257403 0.408462 0.230661 0.388157 0.215722 0.407832 0.242464 0.428137