0 0.5265625 0.6796875 0.37187500000000007 0.6796875 0.37187500000000007 0.7734375 0.5265625000000002 0.7734375
0 0.5734375000000002 0.8 0.4750000000000002 0.8 0.4750000000000002 0.8859375 0.5734375000000002 0.8859375
0 0.7437500000000001 0.809375 0.6453125000000002 0.809375 0.6453125000000002 0.9203125 0.7437500000000001 0.9203125
0 0.675 0.55 0.5734375 0.55 0.5734375 0.6078125 0.675 0.6078125
0 0.3968750000000001 0.4765625 0.3453125000000001 0.4765625 0.3453125000000001 0.50625 0.3968750000000001 0.50625
0 0.5255904027854095 0.6980851132773397 0.37931350307765377 0.692127203049513 0.37605772364518486 0.772062164017791 0.5223346233529407 0.7780200742456177
0 0.5707608734375003 0.8111111093750001 0.48228627187500017 0.8111111093750001 0.48228627187500017 0.8875 0.5707608734375003 0.8875
0 0.7527590345772074 0.9083832588462124 0.7238650718650286 0.7975442611771447 0.633315229318453 0.8211491640466748 0.6622091920306318 0.9319881617157426
0 0.675664722858228 0.5637921236933281 0.5836634203125 0.55 0.5745350185054385 0.610891627358062 0.6665363210511666 0.6246837510513901
0 0.3980424025944408 0.4776536291626684 0.3484874070192448 0.47060733405847277 0.34323267909801175 0.5075626439106691 0.39278767467320774 0.5146089390148647
0 0.5532502765625 0.3805555562500001 0.48412949375 0.3805555562500001 0.48412949375 0.438888890625 0.5532502765625 0.438888890625
0 0.37757596115518427 0.34438493091534605 0.3586556203220315 0.3297376913828858 0.34404470625 0.34861110937500006 0.3629650470831528 0.36325834890746034
0 0.3671116505374232 0.8187433013013452 0.35261852231570456 0.7610409544829395 0.2580754831042977 0.7847873784208448 0.27256861132601634 0.8424897252392505