0 0.998437 0.420313 0.887500 0.420313 0.887500 0.490625 0.998437 0.490625
0 0.659375 0.417187 0.607812 0.417187 0.607812 0.460938 0.659375 0.460938
0 0.467187 0.217188 0.382812 0.217188 0.382812 0.278125 0.467187 0.278125
0 0.378125 0.293750 0.287500 0.293750 0.287500 0.326563 0.378125 0.326563
0 0.400000 0.353125 0.348438 0.353125 0.348438 0.382813 0.400000 0.382813
0 0.498437 0.287500 0.446875 0.287500 0.446875 0.320313 0.498437 0.320313
0 0.548438 0.537500 0.462500 0.537500 0.462500 0.604688 0.548438 0.604688
0 0.673438 0.603125 0.514062 0.603125 0.514062 0.714063 0.673438 0.714063
0 0.400000 0.512500 0.354688 0.512500 0.354688 0.546875 0.400000 0.546875
0 0.421875 0.617188 0.221875 0.617188 0.221875 0.707812 0.421875 0.707812
0 0.389063 0.756250 0.212500 0.756250 0.212500 0.943750 0.389063 0.943750
0 0.312500 0.490625 0.190625 0.490625 0.190625 0.590625 0.312500 0.590625
0 0.612500 0.248438 0.570312 0.248438 0.570312 0.301563 0.612500 0.301563
0 0.289063 0.417187 0.218750 0.417187 0.218750 0.479687 0.289063 0.479687
0 0.380959 0.934893 0.379551 0.764757 0.211448 0.766148 0.212856 0.936285
0 0.418851 0.701500 0.412388 0.613442 0.217202 0.627769 0.223665 0.715827
0 0.671323 0.716280 0.664676 0.611544 0.514330 0.621086 0.520977 0.725822
0 0.540969 0.547222 0.461251 0.547222 0.461251 0.611111 0.540969 0.611111
0 0.398503 0.519061 0.357158 0.517271 0.355483 0.555952 0.396828 0.557742
0 0.326248 0.574908 0.273556 0.456304 0.148301 0.511951 0.200994 0.630556
0 0.300689 0.455711 0.234769 0.432282 0.218114 0.479141 0.284035 0.502570
0 0.409940 0.372947 0.394009 0.339650 0.335877 0.367463 0.351808 0.400760
0 0.379348 0.294661 0.286274 0.291858 0.284788 0.341177 0.377863 0.343981
0 0.442896 0.254966 0.422297 0.222936 0.386123 0.246200 0.406722 0.278231
0 0.497065 0.297340 0.457815 0.277462 0.439362 0.313900 0.478611 0.333778
0 0.614036 0.271568 0.579500 0.262269 0.571322 0.292642 0.605858 0.301941
0 0.552753 0.333645 0.538652 0.332851 0.537622 0.351157 0.551723 0.351950
0 0.654331 0.427791 0.615253 0.413902 0.601404 0.452868 0.640482 0.466757
0 1.000000 0.450415 0.888680 0.415012 0.871015 0.474582 0.990401 0.509986