0 0.7703125000000001 0.7109375000000001 0.5109375 0.7109375 0.5109375 0.9140625 0.7703125000000002 0.9140625
0 0.7578125 0.4468750000000001 0.55 0.446875 0.55 0.5375000000000001 0.7578125 0.5375000000000002
0 0.8453125 0.36406250000000007 0.6640625 0.36406250000000007 0.6640625 0.4140625000000001 0.8453125 0.41406250000000017
0 0.828125 0.29375000000000007 0.7046875 0.29375000000000007 0.7046875 0.33281250000000007 0.828125 0.33281250000000007
0 0.74375 0.2671875000000001 0.6375 0.2671875000000001 0.6375 0.3000000000000001 0.74375 0.3000000000000001
0 0.6921875 0.24375000000000008 0.596875 0.24375000000000008 0.596875 0.27031250000000007 0.6921875 0.27031250000000007
0 0.74375 0.20312500000000008 0.678125 0.20312500000000008 0.678125 0.2296875000000001 0.74375 0.2296875000000001
0 0.5 0.38750000000000007 0.3765625000000001 0.38750000000000007 0.3765625000000001 0.434375 0.5 0.434375
0 0.4875 0.3468750000000001 0.4 0.3468750000000001 0.4 0.3859375000000001 0.4875 0.3859375000000001
0 0.5734375 0.3000000000000001 0.5 0.3000000000000001 0.5 0.3296875000000001 0.5734375 0.3296875000000001
0 0.4328125 0.31093750000000003 0.3421875 0.3109375 0.3421875 0.34375000000000006 0.4328125 0.3437500000000001
0 0.36562500000000003 0.353125 0.303125 0.353125 0.30312500000000003 0.38281250000000006 0.3656250000000001 0.3828125000000001
0 0.1375000000000001 0.703125 0.014062500000000089 0.703125 0.014062500000000094 0.803125 0.1375000000000001 0.803125