0 0.487500 0.509375 0.075000 0.509375 0.075000 0.776563 0.487500 0.776563
0 0.292188 0.396875 0.214063 0.396875 0.214063 0.437500 0.292188 0.437500
0 0.198438 0.800000 0.070313 0.800000 0.070313 0.996875 0.198438 0.996875
0 0.710938 0.643750 0.570312 0.643750 0.570313 0.787500 0.710938 0.787500
0 0.735938 0.803125 0.650000 0.803125 0.650000 0.940625 0.735938 0.940625
0 0.871875 0.753125 0.750000 0.753125 0.750000 0.896875 0.871875 0.896875
0 0.909375 0.603125 0.746875 0.603125 0.746875 0.723438 0.909375 0.723438
0 0.995313 0.482813 0.760938 0.482813 0.760938 0.626563 0.995313 0.626563
0 0.754687 0.417188 0.668750 0.417187 0.668750 0.496875 0.754687 0.496875
0 0.835938 0.364063 0.704688 0.364063 0.704688 0.434375 0.835938 0.434375
0 0.673438 0.467187 0.528125 0.467187 0.528125 0.614062 0.673438 0.614062
0 0.515625 0.387500 0.443750 0.387500 0.443750 0.457813 0.515625 0.457813
0 0.998437 0.726563 0.898438 0.726563 0.898438 0.860938 0.998437 0.860938
0 0.518326 0.706508 0.460912 0.474949 0.051406 0.576485 0.108820 0.808043
0 0.208187 0.805354 0.077114 0.794578 0.060997 0.990603 0.192070 1.000000
0 0.719186 0.655436 0.575702 0.651903 0.571985 0.802858 0.715469 0.806391
0 0.741064 0.935473 0.705676 0.813262 0.641346 0.831890 0.676734 0.954101
0 0.916044 0.825558 0.770299 0.752128 0.724887 0.842263 0.870632 0.915693
0 0.913252 0.640278 0.772620 0.600560 0.741699 0.710047 0.882331 0.749764
0 0.762564 0.457225 0.684112 0.412385 0.657356 0.459195 0.735808 0.504036
0 0.709661 0.552469 0.573523 0.460314 0.518875 0.541044 0.655013 0.633199
0 0.844068 0.389675 0.713856 0.368084 0.704127 0.426755 0.834339 0.448347
0 1.000000 0.347166 0.868867 0.310552 0.852071 0.375515 0.993677 0.412128
0 1.000000 0.556750 0.775180 0.470227 0.742928 0.559704 0.982973 0.646227
0 0.292739 0.398611 0.211161 0.398611 0.211161 0.440278 0.292739 0.440278
0 0.519118 0.435398 0.486784 0.405828 0.458326 0.436946 0.490661 0.466516