0 0.660937 0.540625 0.496875 0.540625 0.496875 0.634375 0.660937 0.634375
0 0.798438 0.496875 0.657813 0.496875 0.657813 0.564063 0.798438 0.564063
0 0.921875 0.417188 0.756250 0.417188 0.756250 0.487500 0.921875 0.487500
0 0.975000 0.703125 0.618750 0.703125 0.618750 0.840625 0.975000 0.840625
0 0.720313 0.843750 0.518750 0.843750 0.518750 0.987500 0.720313 0.987500
0 0.393750 0.770312 0.232813 0.770312 0.232813 0.837500 0.393750 0.837500
0 0.754687 0.426563 0.568750 0.426563 0.568750 0.479688 0.754687 0.479688
0 0.661021 0.624516 0.653010 0.549915 0.493612 0.567032 0.501623 0.641633
0 0.368550 0.784299 0.245427 0.774346 0.240209 0.838889 0.363332 0.848842
0 0.718691 0.859795 0.524040 0.842907 0.511735 0.984737 0.706386 1.000000
0 0.969203 0.726389 0.621541 0.726389 0.621541 0.844444 0.969203 0.844444
0 0.811877 0.501572 0.293455 0.488889 0.291926 0.551361 0.810349 0.564045
0 0.919873 0.423611 0.581607 0.423611 0.581607 0.488889 0.919873 0.488889