0 0.709375 0.496875 0.603125 0.496875 0.603125 0.590625 0.709375 0.590625
0 0.6734375 0.409375 0.5953125 0.409375 0.5953125 0.4765625 0.6734375 0.4765625
0 0.5578125 0.4640625 0.4890625 0.4640625 0.4890625 0.5171875 0.5578125 0.5171875
0 0.453125 0.4875 0.3828125000000001 0.4875 0.3828125000000001 0.540625 0.453125 0.540625
0 0.446875 0.3500000000000001 0.378125 0.3500000000000001 0.37812500000000004 0.4140625 0.446875 0.4140625
0 0.31562500000000004 0.353125 0.2515625 0.353125 0.2515625 0.4265625 0.3156250000000001 0.4265625
0 0.596875 0.6 0.440625 0.6 0.4406250000000001 0.74375 0.5968750000000002 0.74375
0 0.5375000000000002 0.7734375 0.4312500000000002 0.7734375 0.4312500000000002 0.9140625 0.5375000000000002 0.9140625
0 0.18125 0.0765625 0.017187500000000012 0.0765625 0.017187500000000015 0.1734375 0.18125 0.1734375
0 0.5484375 0.16718750000000007 0.4375 0.16718750000000004 0.4375 0.2250000000000001 0.5484375 0.2250000000000001
0 0.6859375 0.2640625000000001 0.6171875 0.2640625000000001 0.6171875 0.3078125000000001 0.6859375 0.3078125000000001
0 0.7640625 0.18750000000000008 0.6984375 0.18750000000000008 0.6984375 0.2406250000000001 0.7640625 0.2406250000000001
0 0.815625 0.2406250000000001 0.759375 0.2406250000000001 0.759375 0.29375000000000007 0.815625 0.29375000000000007
0 0.9171875 0.27031250000000007 0.81875 0.27031250000000007 0.81875 0.33281250000000007 0.9171875 0.33281250000000007
0 0.815625 0.3437500000000001 0.71875 0.3437500000000001 0.71875 0.4234375000000001 0.815625 0.4234375000000002
0 0.6828125 0.3109375000000001 0.628125 0.3109375000000001 0.628125 0.3546875000000001 0.6828125 0.3546875000000001
0 0.28125 0.2234375 0.221875 0.2234375 0.221875 0.2671875 0.28125 0.2671875