0 0.709375 0.523438 0.362500 0.523438 0.362500 0.623437 0.709375 0.623437
0 0.556250 0.423438 0.357813 0.423438 0.357813 0.476562 0.556250 0.476562
0 0.462500 0.364063 0.398438 0.364063 0.398438 0.393750 0.462500 0.393750
0 0.287500 0.356250 0.156250 0.356250 0.156250 0.426563 0.287500 0.426563
0 0.160938 0.487500 0.003125 0.487500 0.003125 0.610938 0.160938 0.610938
0 1.000000 0.748438 0.671875 0.748437 0.671875 0.935937 1.000000 0.935937
0 0.331250 0.246875 0.296875 0.246875 0.296875 0.279687 0.331250 0.279687
0 1.000000 0.757145 0.665521 0.745687 0.659466 0.925576 0.999907 0.937034
0 0.161025 0.490278 0.000000 0.490278 0.000000 0.635673 0.161025 0.635673
0 0.291967 0.395257 0.269334 0.342460 0.144093 0.396147 0.166726 0.448945
0 0.338782 0.269354 0.319112 0.244444 0.290738 0.266850 0.310409 0.291760
0 0.463499 0.390104 0.459754 0.361818 0.393367 0.370607 0.397111 0.398893
0 0.561498 0.471407 0.556835 0.404582 0.351596 0.418904 0.356259 0.485730
0 0.711577 0.536714 0.373737 0.532903 0.372731 0.622136 0.710571 0.625947