0 0.637500 0.523438 0.290625 0.523438 0.290625 0.623437 0.637500 0.623437
0 0.642188 0.423438 0.443750 0.423438 0.443750 0.476562 0.642188 0.476562
0 0.603125 0.364063 0.539062 0.364063 0.539062 0.393750 0.603125 0.393750
0 0.845313 0.356250 0.714063 0.356250 0.714063 0.426563 0.845313 0.426563
0 0.998437 0.487500 0.840625 0.487500 0.840625 0.610938 0.998437 0.610938
0 0.328125 0.748437 0.000000 0.748437 0.000000 0.935937 0.328125 0.935937
0 0.703125 0.246875 0.668750 0.246875 0.668750 0.279688 0.703125 0.279688
0 0.339439 0.928837 0.335500 0.747683 0.000000 0.755063 0.000042 0.936217
0 1.000000 0.635650 0.997424 0.489023 0.838266 0.492864 0.841805 0.639490
0 0.855801 0.397819 0.731530 0.342126 0.707875 0.394908 0.832146 0.450601
0 0.707758 0.271662 0.680888 0.244444 0.658682 0.266367 0.685551 0.293585
0 0.606829 0.371381 0.540309 0.361598 0.536149 0.389879 0.602670 0.399662
0 0.648370 0.475058 0.643581 0.406432 0.437956 0.420782 0.442745 0.489408
0 0.627643 0.616249 0.624648 0.529228 0.287165 0.540841 0.290160 0.627863