0 0.6890625000000001 0.7734375 0.5515625000000002 0.7734375 0.5515625000000002 0.8703125 0.6890625000000001 0.8703125
0 0.5562500000000001 0.7265625 0.4734375000000002 0.7265625 0.4734375000000002 0.784375 0.5562500000000001 0.784375
0 0.809375 0.5703125000000001 0.675 0.5703125 0.675 0.6500000000000001 0.809375 0.6500000000000001
0 0.6 0.5671875 0.53125 0.5671875 0.53125 0.6140625 0.6 0.6140625
0 0.478125 0.5796875 0.3984375000000001 0.5796875 0.3984375000000001 0.6140625 0.478125 0.6140625
0 0.3343750000000001 0.5734375 0.2843750000000001 0.5734375 0.2843750000000001 0.6078125 0.3343750000000001 0.6078125
0 0.4890625 0.5609375 0.3703125000000001 0.5609375 0.3703125000000001 0.5875 0.4890625 0.5875
0 0.6140625 0.4703125 0.5296875 0.4703125 0.5296875 0.5171875 0.6140625 0.5171875
0 0.8296875 0.4671875000000002 0.79375 0.4671875000000002 0.79375 0.4906250000000002 0.8296875 0.4906250000000002
0 0.7296875 0.4796875000000001 0.665625 0.4796875 0.665625 0.5203125000000001 0.7296875 0.5203125000000002
0 0.6609375 0.4296875 0.6296875 0.4296875 0.6296875 0.453125 0.6609375 0.453125
0 0.2906250000000001 0.7171875 0.09531250000000009 0.7171875 0.0953125000000001 0.8171875 0.2906250000000001 0.8171875
0 0.7640625 0.4125000000000001 0.690625 0.4125 0.690625 0.4625000000000001 0.7640625 0.4625000000000002
0 0.7234375 0.3609375000000001 0.678125 0.3609375000000001 0.678125 0.403125 0.7234375 0.403125
0 0.6771141053723493 0.795809737448012 0.5771439162667509 0.768033660320905 0.5517354909656074 0.8594823220814206 0.6517056800712058 0.8872583992085277
0 0.551673225 0.7486111093750002 0.5066841974868648 0.731736230246993 0.48864445287782887 0.7798308305335725 0.5336334803909641 0.7967057096615797
0 0.28884560052719915 0.7924941278423203 0.2677584206175048 0.7202123702995905 0.09729089185697637 0.7699438595430451 0.1183780717666707 0.8422256170857748
0 0.3285779625 0.5944444437499999 0.30995931086828976 0.5775224089194312 0.28782473832206534 0.6018762114840318 0.30644338995377557 0.6187982463146007
0 0.4589265046875 0.5847222234375 0.41281725312499995 0.5847222234375 0.41281725312499995 0.6125 0.4589265046875 0.6125
0 0.5904079859375 0.5708333328124999 0.5359362156249999 0.5708333328124999 0.5359362156249999 0.6027777765625 0.5904079859375 0.6027777765625
0 0.79883685625 0.5833333328125001 0.7641433114745508 0.5512756854016911 0.677940193596877 0.6445667398433222 0.712633738372326 0.6766243872541312
0 0.7278362349942544 0.5244476435710175 0.7131631365284754 0.4804179103750547 0.6727541319834816 0.493884385403506 0.6874272304492605 0.5379141185994687
0 0.624326717842001 0.5088157702075884 0.6196541062735308 0.4683294054964205 0.525524083766107 0.4791931378973494 0.5301966953345773 0.5196795026085173
0 0.6607222045934906 0.4366668263573679 0.6382177922962907 0.4318433117688521 0.6330540763733122 0.45593495490247005 0.6555584886705121 0.46075846949098587
0 0.7451458796875 0.41805555625000024 0.7210775109374999 0.4180555562500001 0.7210775109374999 0.44444444375000003 0.7451458796875 0.44444444375000014
0 0.7164489796875 0.36388889062500007 0.6905291984375 0.36388889062500007 0.6905291984375 0.39027777656250007 0.7164489796875 0.39027777656250007
0 0.8376572419249344 0.4833949079089418 0.8164839910775449 0.4602913357060864 0.7882455782968758 0.4861704072231454 0.8094188291442652 0.5092739794260008