0 0.193750 0.479687 0.071875 0.479687 0.071875 0.526563 0.193750 0.526563
0 0.093750 0.543750 0.000000 0.543750 0.000000 0.620313 0.093750 0.620313
0 0.198438 0.753125 0.000000 0.753125 0.000000 0.853125 0.198438 0.853125
0 0.526563 0.523438 0.331250 0.523438 0.331250 0.640625 0.526563 0.640625
0 0.748437 0.387500 0.610938 0.387500 0.610938 0.460938 0.748437 0.460938
0 0.645312 0.314063 0.570312 0.314063 0.570312 0.340625 0.645312 0.340625
0 0.084375 0.281250 0.000000 0.281250 0.000000 0.334375 0.084375 0.334375
0 0.522383 0.526389 0.354830 0.526389 0.354830 0.630556 0.522383 0.630556
0 0.188756 0.790978 0.007740 0.765278 0.000000 0.850210 0.176697 0.875910
0 0.078970 0.547222 0.001211 0.547222 0.001211 0.581944 0.078970 0.581944
0 0.090425 0.580918 0.003887 0.575148 0.000897 0.619979 0.087436 0.625750
0 0.186352 0.483333 0.063233 0.483333 0.063233 0.527778 0.186352 0.527778
0 0.085243 0.321434 0.082288 0.284022 0.001959 0.290365 0.004913 0.327778
0 0.753492 0.405518 0.637487 0.384097 0.624819 0.452698 0.740824 0.474119
0 0.637171 0.315278 0.589034 0.315278 0.589034 0.338889 0.637171 0.338889