0 0.679688 0.503125 0.609375 0.503125 0.609375 0.546875 0.679688 0.546875
0 0.956250 0.729688 0.801562 0.729688 0.801562 0.906250 0.956250 0.906250
0 0.839063 0.837500 0.756250 0.837500 0.756250 0.940625 0.839063 0.940625
0 0.717188 0.682813 0.625000 0.682813 0.625000 0.773438 0.717188 0.773438
0 0.618750 0.704688 0.525000 0.704688 0.525000 0.787500 0.618750 0.787500
0 0.473438 0.734375 0.396875 0.734375 0.396875 0.796875 0.473438 0.796875
0 0.559375 0.826562 0.468750 0.826562 0.468750 0.926562 0.559375 0.926562
0 0.704688 0.840625 0.606250 0.840625 0.606250 0.951562 0.704688 0.951562
0 0.662500 0.946875 0.534375 0.946875 0.534375 0.996875 0.662500 0.996875
0 0.429688 0.906250 0.301563 0.906250 0.301563 0.990625 0.429688 0.990625
0 0.564063 0.550000 0.520312 0.550000 0.520312 0.590625 0.564063 0.590625
0 0.596875 0.532813 0.560937 0.532813 0.560937 0.553125 0.596875 0.553125
0 0.550000 0.454688 0.395313 0.454688 0.395313 0.587500 0.550000 0.587500
0 0.390625 0.590625 0.065625 0.590625 0.065625 0.825000 0.390625 0.825000
0 0.131250 0.817187 0.001563 0.817187 0.001563 0.996875 0.131250 0.996875
0 0.573438 0.281250 0.537500 0.281250 0.537500 0.328125 0.573438 0.328125
0 0.675000 0.367188 0.618750 0.367188 0.618750 0.415625 0.675000 0.415625
0 0.947518 0.908562 0.942049 0.738470 0.808341 0.742770 0.813810 0.912861
0 0.842731 0.937707 0.810838 0.830024 0.732764 0.853148 0.764658 0.960831
0 0.706660 0.852595 0.612770 0.843504 0.601703 0.957813 0.695593 0.966904
0 0.672479 0.950000 0.527292 0.950000 0.527292 1.000000 0.672479 1.000000
0 0.431395 0.926389 0.293608 0.926389 0.293608 1.000000 0.431395 1.000000
0 0.572440 0.922812 0.551790 0.828172 0.455962 0.849081 0.476612 0.943721
0 0.619671 0.723860 0.539005 0.705290 0.521552 0.781108 0.602218 0.799678
0 0.713692 0.693056 0.631629 0.693056 0.631629 0.780556 0.713692 0.780556
0 0.675659 0.548660 0.672107 0.510688 0.607157 0.516763 0.610708 0.554735
0 0.597241 0.537500 0.569105 0.526389 0.558983 0.552021 0.587119 0.563132
0 0.563108 0.591610 0.553589 0.548759 0.518309 0.556596 0.527827 0.599447
0 0.570562 0.519556 0.515681 0.432523 0.350664 0.536580 0.405545 0.623612
0 0.387003 0.625000 0.076727 0.625000 0.076727 0.843056 0.387003 0.843056
0 0.153557 0.811661 0.020662 0.781036 0.000000 0.993116 0.104684 1.000000
0 0.680523 0.390584 0.655351 0.362255 0.617676 0.395731 0.642848 0.424060
0 0.572823 0.287787 0.547961 0.285866 0.545935 0.312099 0.570796 0.314020