0 0.3984375000000001 0.496875 0.2921875000000001 0.496875 0.2921875000000001 0.590625 0.3984375000000001 0.590625
0 0.40625 0.409375 0.3281250000000001 0.409375 0.3281250000000001 0.4765625 0.40625 0.4765625
0 0.5109375 0.4640625 0.4421875 0.4640625 0.4421875 0.5171875 0.5109375 0.5171875
0 0.6171875 0.4875 0.546875 0.4875 0.546875 0.540625 0.6171875 0.540625
0 0.6234375 0.3500000000000001 0.5546875 0.3500000000000001 0.5546875 0.4140625 0.6234375 0.4140625
0 0.7484375 0.3531250000000001 0.684375 0.3531250000000001 0.684375 0.42656250000000007 0.7484375 0.4265625000000002
0 0.5593750000000001 0.6 0.403125 0.6 0.40312500000000007 0.74375 0.5593750000000002 0.74375
0 0.5703125000000002 0.7734375 0.46406250000000016 0.7734375 0.46406250000000016 0.9140625 0.5703125000000002 0.9140625
0 0.984375 0.07656250000000012 0.8203125 0.07656250000000012 0.8203125 0.1734375000000001 0.984375 0.17343750000000013
0 0.5640625 0.16718750000000007 0.453125 0.16718750000000004 0.453125 0.2250000000000001 0.5640625 0.2250000000000001
0 0.3828125 0.26406250000000003 0.3140625 0.2640625 0.3140625 0.30781250000000004 0.3828125 0.3078125000000001
0 0.303125 0.18750000000000006 0.2375 0.18750000000000006 0.2375 0.240625 0.303125 0.240625
0 0.2421875 0.240625 0.18593750000000003 0.240625 0.18593750000000003 0.29375 0.2421875 0.29375
0 0.18281250000000004 0.2703125 0.08437500000000002 0.2703125 0.08437500000000003 0.3328125 0.18281250000000004 0.3328125
0 0.2828125 0.34375 0.18593750000000003 0.34375 0.18593750000000003 0.4234375 0.2828125000000001 0.4234375
0 0.371875 0.31093750000000003 0.3171875 0.3109375 0.3171875 0.35468750000000004 0.371875 0.3546875000000001
0 0.7796875 0.2234375000000001 0.7203125 0.2234375000000001 0.7203125 0.2671875000000001 0.7796875 0.2671875000000001