0 0.835938 0.550000 0.629687 0.550000 0.629687 0.667188 0.835938 0.667188
0 0.585938 0.646875 0.423438 0.646875 0.423438 0.764062 0.585938 0.764062
0 0.707813 0.793750 0.568750 0.793750 0.568750 0.951562 0.707813 0.951562
0 0.321875 0.935937 0.209375 0.935937 0.209375 0.996875 0.321875 0.996875
0 0.862500 0.473438 0.782813 0.473438 0.782813 0.531250 0.862500 0.531250
0 0.956250 0.450000 0.868750 0.450000 0.868750 0.500000 0.956250 0.500000
0 0.703125 0.420312 0.571875 0.420312 0.571875 0.473438 0.703125 0.473438
0 0.787500 0.426563 0.709375 0.426563 0.709375 0.464063 0.787500 0.464063
0 0.785937 0.387500 0.740625 0.387500 0.740625 0.417188 0.785937 0.417188
0 0.289063 0.485938 0.200000 0.485938 0.200000 0.520312 0.289063 0.520312
0 0.070313 0.493750 0.001563 0.493750 0.001563 0.567187 0.070313 0.567187
0 0.273438 0.337500 0.215625 0.337500 0.215625 0.379688 0.273438 0.379688
0 0.843750 0.256250 0.771875 0.256250 0.771875 0.323438 0.843750 0.323438
0 0.671875 0.317188 0.620313 0.317188 0.620313 0.360938 0.671875 0.360938
0 0.764062 0.256250 0.706250 0.256250 0.706250 0.342188 0.764062 0.342188
0 0.585938 0.287500 0.525000 0.287500 0.525000 0.331250 0.585938 0.331250
0 0.339063 0.390625 0.181250 0.390625 0.181250 0.484375 0.339063 0.484375
0 0.743809 0.913406 0.643415 0.772371 0.548570 0.839885 0.648964 0.980921
0 0.312906 0.986111 0.308458 0.940639 0.180659 0.953139 0.185106 0.998611
0 0.595984 0.725745 0.563450 0.629438 0.389611 0.688165 0.422145 0.784472
0 0.848853 0.587115 0.633039 0.540562 0.610328 0.645848 0.826142 0.692401
0 0.619113 0.571905 0.577345 0.546051 0.541646 0.603725 0.583414 0.629579
0 0.704502 0.446981 0.683431 0.400466 0.569038 0.452284 0.590109 0.498800
0 0.784694 0.458611 0.779848 0.426278 0.707753 0.437082 0.712599 0.469415
0 0.866713 0.497590 0.786477 0.479554 0.776905 0.522139 0.857140 0.540175
0 0.956095 0.495584 0.950819 0.448146 0.869310 0.457212 0.874587 0.504650
0 0.837762 0.265278 0.775325 0.265278 0.775325 0.294444 0.837762 0.294444
0 0.836633 0.320453 0.834212 0.287296 0.762629 0.292522 0.765049 0.325679
0 0.767521 0.308333 0.704109 0.308333 0.704109 0.345833 0.767521 0.345833
0 0.759180 0.274785 0.709626 0.267730 0.707262 0.284338 0.756816 0.291393
0 0.592040 0.304344 0.525775 0.295725 0.522467 0.321155 0.588732 0.329774
0 0.674734 0.342248 0.630764 0.322332 0.619707 0.346742 0.663677 0.366658
0 0.322001 0.438748 0.317839 0.400742 0.266083 0.406410 0.270245 0.444416
0 0.244960 0.463134 0.236711 0.429527 0.168033 0.446384 0.176282 0.479992
0 0.280972 0.510886 0.278525 0.486830 0.206106 0.494194 0.208553 0.518251
0 0.078140 0.551531 0.063300 0.497096 0.000000 0.515009 0.012431 0.569444
0 0.783015 0.410703 0.772076 0.387653 0.741238 0.402287 0.752177 0.425337