0 0.620313 0.493750 0.331250 0.493750 0.331250 0.614062 0.620313 0.614062
0 0.904687 0.653125 0.007813 0.653125 0.007813 0.970313 0.904687 0.970313
0 1.000000 0.582813 0.835938 0.582813 0.835938 0.700000 1.000000 0.700000
0 0.267188 0.459375 0.126563 0.459375 0.126563 0.496875 0.267188 0.496875
0 0.340625 0.384375 0.150000 0.384375 0.150000 0.414062 0.340625 0.414062
0 0.940608 0.868100 0.880815 0.560784 0.000000 0.734453 0.048015 1.000000
0 0.599474 0.558044 0.349896 0.525818 0.341076 0.594123 0.590654 0.626349
0 1.000000 0.599201 0.843215 0.585586 0.834914 0.681834 0.992774 0.695449
0 0.624691 0.506941 0.361048 0.476405 0.351909 0.555306 0.615553 0.585842
0 0.259947 0.501290 0.258892 0.464891 0.128905 0.468659 0.129961 0.505058
0 0.331828 0.402778 0.330211 0.383873 0.155121 0.398854 0.156739 0.417759