0 0.760938 0.385938 0.045313 0.385937 0.045313 0.843750 0.760938 0.843750
0 0.678125 0.193750 0.564063 0.193750 0.564063 0.243750 0.678125 0.243750
0 0.653125 0.317188 0.550000 0.317188 0.550000 0.367188 0.653125 0.367188
0 0.898438 0.293750 0.782813 0.293750 0.782813 0.340625 0.898438 0.340625
0 0.504687 0.109375 0.406250 0.109375 0.406250 0.165625 0.504687 0.165625
0 0.634375 0.071875 0.540625 0.071875 0.540625 0.121875 0.634375 0.121875
0 0.351562 0.145313 0.000000 0.145313 0.000000 0.306250 0.351562 0.306250
0 0.814146 0.777182 0.718902 0.317273 0.000000 0.477395 0.040960 0.937304
0 0.895927 0.298611 0.783453 0.298611 0.783453 0.347222 0.895927 0.347222
0 0.721639 0.332629 0.549119 0.310260 0.538099 0.395251 0.710619 0.417620
0 0.426117 0.230121 0.394002 0.085639 0.000000 0.179129 0.005513 0.323611
0 0.501229 0.113889 0.426246 0.113889 0.426246 0.166667 0.501229 0.166667
0 0.635545 0.120473 0.631696 0.069138 0.539734 0.076034 0.543584 0.127368
0 0.701711 0.202210 0.572423 0.190236 0.567431 0.244133 0.696720 0.256107