0 0.925000 0.509375 0.512500 0.509375 0.512500 0.776563 0.925000 0.776563
0 0.785937 0.396875 0.707812 0.396875 0.707812 0.437500 0.785937 0.437500
0 0.929688 0.800000 0.801562 0.800000 0.801562 0.996875 0.929688 0.996875
0 0.431250 0.643750 0.290625 0.643750 0.290625 0.787500 0.431250 0.787500
0 0.350000 0.803125 0.264063 0.803125 0.264063 0.940625 0.350000 0.940625
0 0.251563 0.753125 0.129688 0.753125 0.129688 0.896875 0.251563 0.896875
0 0.254688 0.603125 0.092188 0.603125 0.092188 0.723437 0.254688 0.723437
0 0.239063 0.482812 0.004688 0.482812 0.004688 0.626563 0.239063 0.626563
0 0.331250 0.417187 0.245313 0.417187 0.245313 0.496875 0.331250 0.496875
0 0.296875 0.364063 0.165625 0.364063 0.165625 0.434375 0.296875 0.434375
0 0.473438 0.467187 0.328125 0.467187 0.328125 0.614062 0.473438 0.614062
0 0.557813 0.387500 0.485938 0.387500 0.485938 0.457813 0.557813 0.457813
0 0.103125 0.726562 0.003125 0.726562 0.003125 0.860938 0.103125 0.860938
0 0.948960 0.577361 0.539725 0.473989 0.481251 0.705476 0.890486 0.808849
0 0.939027 0.990537 0.922803 0.794538 0.791707 0.805390 0.807932 1.000000
0 0.427440 0.803140 0.424490 0.652080 0.281051 0.654881 0.284001 0.805941
0 0.354045 0.830556 0.283330 0.817560 0.261349 0.937165 0.332064 0.950161
0 0.275255 0.838791 0.228343 0.750853 0.083202 0.828280 0.130113 0.916218
0 0.261304 0.661897 0.190060 0.564616 0.075359 0.648618 0.146603 0.745899
0 0.334172 0.437198 0.291967 0.401698 0.236051 0.468174 0.278256 0.503674
0 0.479290 0.545501 0.434639 0.463012 0.291157 0.540680 0.335808 0.623168
0 0.297281 0.417810 0.282202 0.362132 0.153884 0.396885 0.168963 0.452562
0 0.147930 0.375505 0.131129 0.310547 0.000000 0.347172 0.006325 0.412131
0 0.257233 0.562794 0.226682 0.471119 0.000000 0.551658 0.015561 0.643333
0 0.789468 0.439088 0.787622 0.397736 0.705835 0.401386 0.707681 0.442738
0 0.538766 0.443887 0.527351 0.403945 0.484026 0.416326 0.495440 0.456269