0 0.278125 0.503125 0.082813 0.503125 0.082813 0.590625 0.278125 0.590625
0 0.800000 0.467188 0.212500 0.467187 0.212500 0.960938 0.800000 0.960938
0 0.784375 0.206250 0.675000 0.206250 0.675000 0.243750 0.784375 0.243750
0 0.982812 0.243750 0.632812 0.243750 0.632812 0.378125 0.982812 0.378125
0 0.998437 0.396875 0.975000 0.396875 0.975000 0.464063 0.998437 0.464063
0 0.548438 0.140625 0.367188 0.140625 0.367188 0.221875 0.548438 0.221875
0 0.887152 0.657171 0.604832 0.371280 0.139329 0.830970 0.421649 1.000000
0 0.275458 0.591123 0.273117 0.509484 0.081613 0.514977 0.083955 0.596615
0 1.000000 0.273653 0.646670 0.216884 0.624022 0.359391 0.981223 0.416160
0 0.792854 0.222349 0.679541 0.209722 0.675093 0.249642 0.788406 0.262269
0 0.540803 0.156944 0.300235 0.156944 0.300235 0.204167 0.540803 0.204167