0 0.96875 0.03125000000000012 0.928125 0.03125000000000011 0.928125 0.04531250000000012 0.96875 0.045312500000000124
0 1 0.06250000000000012 0.9515625 0.06250000000000011 0.9515625 0.09218750000000012 1 0.09218750000000013
0 0.9234375 0.040625000000000105 0.8484375 0.0406250000000001 0.8484375 0.07500000000000011 0.9234375 0.07500000000000011
0 0.884375 1.0553011089527582e-16 0.8390625 1.027555204909576e-16 0.8390625 0.012500000000000108 0.884375 0.012500000000000112
0 0.921875 0.017187500000000112 0.884375 0.017187500000000112 0.884375 0.03281250000000011 0.921875 0.03281250000000011
0 0.953125 1.1375820657704711e-16 0.9046875 1.1079226511036212e-16 0.9046875 0.012500000000000113 0.953125 0.012500000000000117
0 0.9859375 1.1873333419858324e-16 0.953125 1.1672414804373209e-16 0.953125 0.0031250000000001186 0.9859375 0.0031250000000001207
0 1 0.0031250000000001207 0.9796875 0.0031250000000001194 0.9796875 0.017187500000000123 1 0.017187500000000123
0 0.584375 0.3546875000000001 0.453125 0.3546875000000001 0.453125 0.446875 0.584375 0.446875
0 0.265625 0.2 0.2265625 0.2 0.2265625 0.2265625 0.265625 0.2265625
0 0.4984375000000002 0.79375 0.4421875000000002 0.79375 0.4421875000000002 0.840625 0.4984375000000002 0.840625