0 0.956250 0.385938 0.240625 0.385937 0.240625 0.843750 0.956250 0.843750
0 0.437500 0.193750 0.323437 0.193750 0.323437 0.243750 0.437500 0.243750
0 0.450000 0.317188 0.346875 0.317188 0.346875 0.367188 0.450000 0.367188
0 0.218750 0.293750 0.103125 0.293750 0.103125 0.340625 0.218750 0.340625
0 0.595313 0.109375 0.496875 0.109375 0.496875 0.165625 0.595313 0.165625
0 0.460938 0.071875 0.367188 0.071875 0.367188 0.121875 0.460938 0.121875
0 1.000000 0.145313 0.648438 0.145313 0.648438 0.306250 1.000000 0.306250
0 1.000000 0.470563 0.270192 0.331498 0.188236 0.789600 0.965553 0.928665
0 0.216547 0.298611 0.104073 0.298611 0.104073 0.347222 0.216547 0.347222
0 0.462328 0.393518 0.449619 0.307747 0.278194 0.333149 0.290903 0.418920
0 1.000000 0.173067 0.588261 0.140272 0.576450 0.290816 0.994487 0.323611
0 0.574030 0.165629 0.571542 0.112528 0.497374 0.116004 0.499862 0.169105
0 0.464151 0.086126 0.375718 0.055550 0.359514 0.102416 0.447946 0.132992
0 0.432548 0.244166 0.427590 0.190263 0.298309 0.202154 0.303267 0.256056