0 0.6515625000000002 0.8109375 0.30156250000000007 0.8109375 0.30156250000000007 0.9671875 0.6515625000000002 0.9671875
0 0.3828125000000001 0.58125 0.1703125000000001 0.58125 0.1703125000000001 0.6734375 0.3828125000000001 0.6734375
0 0.7171875 0.5234375 0.509375 0.5234375 0.509375 0.6078125 0.7171875 0.6078125
0 0.534375 0.43125 0.40625 0.43125 0.40625 0.4796875 0.534375 0.4796875
0 0.6296875 0.434375 0.54375 0.434375 0.54375 0.4828125 0.6296875 0.4828125
0 0.9859375 0.3937500000000001 0.8703125 0.3937500000000001 0.8703125 0.4421875000000002 0.9859375 0.4421875000000002
0 0.8171875 0.4281250000000001 0.640625 0.428125 0.640625 0.4984375000000001 0.8171875 0.4984375000000002
0 0.3750000000000001 0.4765625 0.2171875000000001 0.4765625 0.2171875000000001 0.5265625 0.3750000000000001 0.5265625
0 0.10468750000000004 0.4859375 0.03281250000000006 0.4859375 0.032812500000000064 0.5265625 0.10468750000000004 0.5265625
0 0.625 0.36406250000000007 0.4578125 0.36406250000000007 0.4578125 0.409375 0.625 0.409375
0 0.803125 0.3359375000000001 0.6625 0.3359375000000001 0.6625 0.40312500000000007 0.803125 0.4031250000000002