0 0.5953125000000001 0.6796875 0.3906250000000001 0.6796875 0.3906250000000001 0.80625 0.5953125000000001 0.80625
0 0.9921875 0.5765625000000002 0.7296875 0.5765625000000002 0.7296875 0.7031250000000002 0.9921875 0.7031250000000002
0 0.4984375 0.5234375 0.24375000000000008 0.5234375 0.24375000000000008 0.596875 0.4984375 0.596875
0 0.21875000000000008 0.6265625 0.10312500000000009 0.6265625 0.10312500000000009 0.684375 0.21875000000000008 0.684375
0 0.6609375 0.409375 0.528125 0.409375 0.528125 0.45 0.6609375 0.45
0 0.68125 0.3515625000000001 0.5828125 0.3515625000000001 0.5828125 0.3812500000000001 0.68125 0.3812500000000001
0 0.8671875 0.3046875000000001 0.8 0.3046875000000001 0.8 0.3453125000000001 0.8671875 0.3453125000000001
0 0.925 0.2750000000000001 0.890625 0.2750000000000001 0.890625 0.29375000000000007 0.925 0.29375000000000007
0 0.4875 0.3625000000000001 0.41875 0.3625000000000001 0.41875 0.4 0.4875 0.4
0 0.5921875 0.3375000000000001 0.540625 0.3375000000000001 0.540625 0.35625000000000007 0.5921875 0.35625000000000007
0 0.15156250000000004 0.4359375 0.05625000000000004 0.4359375 0.05625000000000006 0.4796875 0.15156250000000004 0.4796875
0 0.3015625 0.33125 0.24375 0.33125 0.24375 0.359375 0.3015625 0.359375
0 0.421875 0.35625000000000007 0.36875 0.35625000000000007 0.36875 0.3859375000000001 0.421875 0.3859375000000001