0 0.415625 0.287500 0.112500 0.287500 0.112500 0.481250 0.415625 0.481250
0 0.860938 0.196875 0.503125 0.196875 0.503125 0.257813 0.860938 0.257813
0 0.820312 0.157813 0.570312 0.157813 0.570312 0.187500 0.820312 0.187500
0 0.762500 0.350000 0.459375 0.350000 0.459375 0.443750 0.762500 0.443750
0 0.946875 0.540625 0.284375 0.540625 0.284375 0.887500 0.946875 0.887500
0 0.963635 0.559025 0.318703 0.524195 0.300046 0.869653 0.944978 0.904484
0 0.445330 0.447200 0.407311 0.254361 0.000000 0.340095 0.010475 0.532934
0 0.771243 0.355735 0.459454 0.346492 0.456325 0.452045 0.768114 0.461288
0 0.846087 0.209962 0.515499 0.199478 0.513672 0.257107 0.844259 0.267591
0 0.692884 0.159722 0.574738 0.159722 0.574738 0.193056 0.692884 0.193056
0 0.800361 0.175003 0.730865 0.160704 0.725703 0.185792 0.795199 0.200091