0 0.9 0.3234375000000001 0.415625 0.3234375000000001 0.415625 0.4750000000000001 0.9 0.4750000000000002
0 0.4078125 0.36875 0.25468750000000007 0.36875 0.25468750000000007 0.434375 0.4078125 0.434375
0 0.6484375 0.4125 0.4171875 0.4125 0.4171875 0.521875 0.6484375 0.521875
0 0.95 0.7421875000000001 0.5859375000000002 0.7421875 0.5859375000000002 0.90625 0.95 0.90625
0 0.7750000000000001 0.83125 0.5859375000000002 0.83125 0.5859375000000002 0.9328125 0.7750000000000001 0.9328125
0 0.7953125 0.060937500000000075 0.515625 0.06093750000000007 0.515625 0.14843750000000006 0.7953125 0.14843750000000008
0 0.8390625 0.1390625000000001 0.615625 0.1390625000000001 0.615625 0.2078125000000001 0.8390625 0.2078125000000001
0 1 0.1906250000000001 0.84375 0.1906250000000001 0.84375 0.2468750000000001 1 0.2468750000000001
0 0.359375 0.07656250000000003 0.09375 0.07656250000000002 0.09375000000000001 0.153125 0.359375 0.15312500000000004
0 0.803125 0.17812500000000006 0.4921875 0.17812500000000003 0.4921875 0.27812500000000007 0.803125 0.27812500000000007
0 0.53125 0.16718750000000004 0.2640625 0.16718750000000004 0.2640625 0.2515625 0.53125 0.2515625000000001
0 0.73125 0.22031250000000008 0.4234375 0.22031250000000008 0.4234375 0.3343750000000001 0.73125 0.3343750000000001
0 1 0.2812500000000001 0.7015625 0.2812500000000001 0.7015625 0.4218750000000001 1 0.42187500000000017