0 0.715625 0.5453125 0.4796875 0.5453125 0.4796875 0.6625 0.715625 0.6625
0 0.5703125000000001 0.66875 0.1921875000000001 0.66875 0.1921875000000001 0.8703125 0.5703125000000002 0.8703125
0 0.7968750000000001 0.675 0.5703125 0.675 0.5703125000000001 0.8140625 0.7968750000000002 0.8140625
0 0.8203125 0.0796875000000001 0.7375 0.07968750000000009 0.7375 0.12031250000000009 0.8203125 0.12031250000000009
0 0.665625 0.14843750000000008 0.6078125 0.14843750000000008 0.6078125 0.1843750000000001 0.665625 0.1843750000000001
0 0.7796875 0.1437500000000001 0.68125 0.1437500000000001 0.68125 0.18906250000000008 0.7796875 0.18906250000000008
0 0.684375 0.2015625000000001 0.61875 0.2015625000000001 0.61875 0.2390625000000001 0.684375 0.2390625000000001
0 0.2984375 0.3109375 0.15937500000000004 0.3109375 0.15937500000000004 0.3859375 0.2984375000000001 0.3859375
0 0.7828125 0.20468750000000008 0.728125 0.20468750000000008 0.728125 0.23593750000000008 0.7828125 0.23593750000000008
0 0.6203125 0.27031250000000007 0.4421875 0.27031250000000007 0.4421875 0.3453125000000001 0.6203125 0.3453125000000001
0 0.39687500000000003 0.3375 0.225 0.3375 0.22500000000000003 0.4171875 0.3968750000000001 0.4171875