0 0.5203125 0.5453125 0.2843750000000001 0.5453125 0.2843750000000001 0.6625 0.5203125 0.6625
0 0.8078125 0.6687500000000001 0.4296875 0.66875 0.4296875000000001 0.8703125 0.8078125 0.8703125
0 0.4312500000000001 0.675 0.20468750000000008 0.675 0.20468750000000008 0.8140625 0.4312500000000002 0.8140625
0 0.2640625 0.07968750000000002 0.18125 0.07968750000000002 0.18125 0.12031250000000002 0.2640625 0.12031250000000004
0 0.3921875 0.14843750000000006 0.334375 0.14843750000000006 0.334375 0.18437500000000004 0.3921875 0.18437500000000004
0 0.31875 0.14375000000000004 0.2203125 0.14375000000000004 0.2203125 0.18906250000000005 0.31875 0.18906250000000005
0 0.38125 0.20156250000000003 0.315625 0.2015625 0.315625 0.23906250000000004 0.38125 0.2390625000000001
0 0.840625 0.3109375000000001 0.7015625 0.3109375000000001 0.7015625 0.3859375000000001 0.840625 0.3859375000000001
0 0.271875 0.2046875 0.2171875 0.2046875 0.2171875 0.2359375 0.271875 0.2359375
0 0.559375 0.27031250000000007 0.38125 0.27031250000000007 0.38125 0.3453125000000001 0.559375 0.3453125000000001
0 0.7765625 0.3375000000000001 0.6046875 0.3375000000000001 0.6046875 0.4171875000000001 0.7765625 0.41718750000000016