0 0.2093750000000001 0.4390625 0.15468750000000003 0.4390625 0.15468750000000003 0.4828125 0.2093750000000001 0.4828125
0 0.59375 0.3734375000000001 0.4375 0.3734375000000001 0.4375 0.4515625 0.59375 0.4515625
0 0.4 0.403125 0.2562500000000001 0.403125 0.2562500000000001 0.496875 0.4 0.496875
0 0.2578125000000001 0.4671875 0.2093750000000001 0.4671875 0.2093750000000001 0.503125 0.2578125000000001 0.503125
0 0.5671875 0.509375 0.4375 0.509375 0.4375 0.615625 0.5671875 0.615625
0 0.3156250000000001 0.6078125 0.1703125000000001 0.6078125 0.1703125000000001 0.6984375 0.3156250000000001 0.6984375
0 0.4937500000000001 0.6203125 0.1515625000000001 0.6203125 0.1515625000000001 0.86875 0.4937500000000002 0.86875
0 0.8515625 0.1625000000000001 0.7640625 0.1625000000000001 0.7640625 0.1984375000000001 0.8515625 0.1984375000000001
0 0.03906250000000004 0.3078125 3.769615928625447e-17 0.3078125 3.9609669909922206e-17 0.3390625 0.03906250000000004 0.3390625
0 0.50625 0.2218750000000001 0.45 0.2218750000000001 0.45 0.2593750000000001 0.50625 0.2593750000000001
0 0.5953125 0.2406250000000001 0.4859375 0.2406250000000001 0.4859375 0.2875000000000001 0.5953125 0.2875000000000001
0 0.740625 0.2140625000000001 0.6453125 0.2140625000000001 0.6453125 0.2578125000000001 0.740625 0.2578125000000001
0 0.028125000000000046 0.3390625 4.152318053358994e-17 0.3390625 4.448912200027494e-17 0.3875 0.028125000000000046 0.3875
0 0.33125 0.3 0.19531250000000006 0.3 0.19531250000000006 0.3484375 0.33125 0.3484375