0 0.80625 0.3625000000000001 0.5390625 0.3625000000000001 0.5390625 0.4921875000000001 0.80625 0.49218750000000017
0 0.521875 0.4703125 0.3781250000000001 0.4703125 0.3781250000000001 0.603125 0.521875 0.603125
0 0.86875 0.49531250000000016 0.7578125 0.49531250000000016 0.7578125 0.6109375000000001 0.86875 0.6109375000000001
0 0.6671875 0.025000000000000067 0.4515625 0.025000000000000057 0.4515625 0.06562500000000007 0.6671875 0.06562500000000009
0 1 0.5218750000000002 0.8765625 0.5218750000000002 0.8765625 0.6656250000000001 1 0.6656250000000001
0 0.6890625 0.5609375 0.6171875 0.5609375 0.6171875 0.6203125 0.6890625 0.6203125
0 0.7390625 0.6140625000000001 0.6109375 0.6140625 0.6109375 0.6781250000000001 0.7390625 0.6781250000000002
0 0.42656250000000007 0.6546875 0.3140625000000001 0.6546875 0.3140625000000001 0.7453125 0.4265625000000002 0.7453125
0 0.6078125 0.21093750000000008 0.509375 0.21093750000000008 0.509375 0.27031250000000007 0.6078125 0.27031250000000007
0 0.2578125 0.2515625 0.14531250000000004 0.2515625 0.14531250000000004 0.315625 0.2578125 0.315625
0 0.10156250000000004 0.253125 0.006250000000000031 0.253125 0.006250000000000036 0.33125 0.10156250000000004 0.33125
0 0.740625 0.3281250000000001 0.6375 0.3281250000000001 0.6375 0.3656250000000001 0.740625 0.3656250000000001