0 0.6515625 0.37187500000000007 0.596875 0.37187500000000007 0.596875 0.403125 0.6515625 0.403125
0 0.13750000000000004 0.290625 0.08750000000000005 0.290625 0.08750000000000005 0.33125 0.13750000000000004 0.33125
0 0.503125 0.37968750000000007 0.4640625 0.37968750000000007 0.4640625 0.4109375 0.503125 0.4109375
0 0.28750000000000003 0.3234375 0.17031250000000003 0.3234375 0.17031250000000003 0.3796875 0.2875000000000001 0.3796875
0 0.7046875 0.4109375 0.64375 0.4109375 0.64375 0.45625 0.7046875 0.45625
0 0.5140625 0.403125 0.4703125 0.403125 0.4703125 0.43125 0.5140625 0.43125
0 0.6359375 0.4171875 0.5609375 0.4171875 0.5609375 0.459375 0.6359375 0.459375
0 0.3765625000000001 0.37500000000000006 0.3140625000000001 0.375 0.3140625000000001 0.4140625 0.3765625000000001 0.4140625
0 0.69375 0.44375 0.634375 0.44375 0.634375 0.478125 0.69375 0.478125
0 0.3609375000000001 0.4140625 0.3046875000000001 0.4140625 0.3046875000000001 0.4484375 0.3609375000000001 0.4484375
0 0.07812500000000008 0.590625 7.233070157464055e-17 0.590625 8.161122809942908e-17 0.7421875 0.07812500000000008 0.7421875
0 0.5312500000000001 0.6390625 0.1921875000000001 0.6390625 0.1921875000000001 0.8953125 0.5312500000000002 0.8953125
0 0.7046875 0.2578125000000001 0.6640625 0.2578125000000001 0.6640625 0.2750000000000001 0.7046875 0.2750000000000001
0 0.4453125 0.2640625000000001 0.409375 0.2640625000000001 0.409375 0.2812500000000001 0.4453125 0.2812500000000001
0 0.6703125 0.2984375000000001 0.59375 0.2984375000000001 0.59375 0.3359375000000001 0.6703125 0.3359375000000001
0 0.5453125 0.3046875000000001 0.515625 0.3046875000000001 0.515625 0.3281250000000001 0.5453125 0.3281250000000001
0 0.5 0.2890625000000001 0.446875 0.2890625000000001 0.446875 0.3234375000000001 0.5 0.3234375000000001
0 0.4125 0.2968750000000001 0.38125 0.2968750000000001 0.38125 0.3203125000000001 0.4125 0.3203125000000001
0 0.5640625 0.3156250000000001 0.484375 0.3156250000000001 0.484375 0.3500000000000001 0.5640625 0.3500000000000001
0 0.2203125 0.2796875 0.19375000000000003 0.2796875 0.19375000000000003 0.3046875 0.2203125 0.3046875
0 0.590625 0.3359375000000001 0.496875 0.3359375000000001 0.496875 0.3812500000000001 0.590625 0.3812500000000001
0 0.475 0.3312500000000001 0.428125 0.3312500000000001 0.428125 0.3578125000000001 0.475 0.3578125000000001