0 0.76875 0.3031250000000001 0.5453125 0.3031250000000001 0.5453125 0.4093750000000001 0.76875 0.40937500000000016
0 0.865625 0.3031250000000001 0.765625 0.3031250000000001 0.765625 0.3750000000000001 0.865625 0.3750000000000001
0 0.5390625 0.4671875 0.08750000000000006 0.4671875 0.08750000000000008 0.659375 0.5390625 0.659375
0 0.36875 0.042187500000000044 0.3359375 0.042187500000000044 0.3359375 0.057812500000000044 0.36875 0.057812500000000044
0 0.3921875 0.06562500000000003 0.2515625 0.06562500000000002 0.2515625 0.11093750000000005 0.3921875 0.11093750000000005
0 0.25 0.14687500000000003 0.18125 0.146875 0.18125000000000002 0.19687500000000002 0.25 0.19687500000000005
0 0.4640625 0.10468750000000004 0.378125 0.10468750000000004 0.378125 0.14062500000000006 0.4640625 0.14062500000000006
0 0.16093750000000004 0.259375 0.07031250000000003 0.259375 0.07031250000000003 0.3171875 0.16093750000000004 0.3171875
0 0.9109375 0.10781250000000012 0.8125 0.10781250000000009 0.8125 0.1500000000000001 0.9109375 0.15000000000000013
0 0.6421875 0.2156250000000001 0.459375 0.2156250000000001 0.459375 0.2968750000000001 0.6421875 0.2968750000000001
0 0.9265625 0.1812500000000001 0.709375 0.18125000000000008 0.709375 0.28593750000000007 0.9265625 0.28593750000000007
0 0.3921875 0.32656250000000003 0.3015625 0.3265625 0.30156250000000007 0.384375 0.3921875000000001 0.3843750000000001