0 0.4625 0.36250000000000004 0.19531250000000006 0.3625 0.19531250000000006 0.4921875 0.4625 0.4921875
0 0.621875 0.4703125 0.478125 0.4703125 0.478125 0.603125 0.621875 0.603125
0 0.24218750000000008 0.4953125 0.13125000000000003 0.4953125 0.13125000000000006 0.6109375 0.24218750000000008 0.6109375
0 0.55 0.025000000000000057 0.334375 0.025000000000000043 0.334375 0.06562500000000006 0.55 0.06562500000000007
0 0.12500000000000006 0.521875 0.0015625000000000638 0.521875 0.0015625000000000725 0.665625 0.12500000000000008 0.665625
0 0.3828125000000001 0.5609375 0.3109375000000001 0.5609375 0.3109375000000001 0.6203125 0.3828125000000001 0.6203125
0 0.3906250000000001 0.6140625 0.26250000000000007 0.6140625 0.26250000000000007 0.678125 0.3906250000000001 0.678125
0 0.6859375000000001 0.6546875 0.5734375 0.6546875 0.5734375 0.7453125 0.6859375000000002 0.7453125
0 0.4921875 0.21093750000000008 0.39375 0.21093750000000008 0.39375 0.27031250000000007 0.4921875 0.27031250000000007
0 0.8546875 0.2515625000000001 0.7421875 0.2515625000000001 0.7421875 0.3156250000000001 0.8546875 0.3156250000000001
0 0.9953125 0.2531250000000001 0.9 0.2531250000000001 0.9 0.3312500000000001 0.9953125 0.3312500000000001
0 0.36406250000000007 0.32812500000000006 0.2609375 0.328125 0.26093750000000004 0.36562500000000003 0.36406250000000007 0.3656250000000001