0 0.4546875 0.30312500000000003 0.23125 0.303125 0.23125000000000004 0.409375 0.4546875 0.409375
0 0.23593750000000005 0.303125 0.13593750000000004 0.303125 0.13593750000000004 0.375 0.23593750000000008 0.375
0 0.9125 0.4671875000000001 0.4609375 0.4671875 0.4609375 0.659375 0.9125 0.6593750000000002
0 0.665625 0.04218750000000008 0.6328125 0.04218750000000008 0.6328125 0.05781250000000008 0.665625 0.057812500000000086
0 0.7484375 0.06562500000000007 0.6078125 0.06562500000000007 0.6078125 0.11093750000000009 0.7484375 0.11093750000000009
0 0.8203125 0.1468750000000001 0.7515625 0.1468750000000001 0.7515625 0.19687500000000008 0.8203125 0.19687500000000008
0 0.6234375 0.10468750000000007 0.5375 0.10468750000000004 0.5375 0.14062500000000006 0.6234375 0.14062500000000008
0 0.9296875 0.2593750000000001 0.8390625 0.2593750000000001 0.8390625 0.31718750000000007 0.9296875 0.31718750000000007
0 0.1875 0.10781250000000002 0.08906250000000002 0.1078125 0.08906250000000002 0.15000000000000002 0.1875 0.15000000000000005
0 0.540625 0.21562500000000004 0.3578125 0.215625 0.3578125 0.29687500000000006 0.540625 0.2968750000000001
0 0.290625 0.18125000000000002 0.07343750000000002 0.18125 0.07343750000000003 0.2859375 0.290625 0.2859375
0 0.6984375 0.3265625000000001 0.6078125 0.3265625000000001 0.6078125 0.3843750000000001 0.6984375 0.3843750000000001