0 0.4046875 0.37187500000000007 0.3500000000000001 0.371875 0.3500000000000001 0.403125 0.4046875 0.403125
0 0.9125 0.2906250000000001 0.8625 0.2906250000000001 0.8625 0.3312500000000001 0.9125 0.3312500000000001
0 0.5375 0.37968750000000007 0.4984375 0.37968750000000007 0.4984375 0.4109375 0.5375 0.4109375
0 0.83125 0.3234375000000001 0.7140625 0.3234375000000001 0.7140625 0.37968750000000007 0.83125 0.37968750000000007
0 0.3578125000000001 0.4109375 0.2968750000000001 0.4109375 0.2968750000000001 0.45625 0.3578125000000001 0.45625
0 0.53125 0.403125 0.4875 0.403125 0.4875 0.43125 0.53125 0.43125
0 0.440625 0.4171875 0.3656250000000001 0.4171875 0.3656250000000001 0.459375 0.440625 0.459375
0 0.6859375 0.3750000000000001 0.6234375 0.3750000000000001 0.6234375 0.4140625 0.6859375 0.4140625
0 0.3671875000000001 0.44375 0.3078125000000001 0.44375 0.3078125000000001 0.478125 0.3671875000000001 0.478125
0 0.6953125 0.4140625 0.6390625 0.4140625 0.6390625 0.4484375 0.6953125 0.4484375
0 1 0.5906250000000002 0.921875 0.5906250000000002 0.921875 0.7421875000000002 1 0.7421875000000002
0 0.809375 0.6390625000000001 0.4703125 0.6390625 0.4703125000000001 0.8953125 0.809375 0.8953125
0 0.3359375 0.2578125 0.2953125 0.2578125 0.2953125 0.275 0.3359375 0.275
0 0.5921875 0.2640625000000001 0.55625 0.2640625000000001 0.55625 0.2812500000000001 0.5921875 0.2812500000000001
0 0.4078125 0.2984375 0.33125 0.2984375 0.33125 0.33593750000000006 0.4078125 0.3359375000000001
0 0.4859375 0.3046875000000001 0.45625 0.3046875000000001 0.45625 0.3281250000000001 0.4859375 0.3281250000000001
0 0.553125 0.2890625000000001 0.5 0.2890625000000001 0.5 0.3234375000000001 0.553125 0.3234375000000001
0 0.61875 0.2968750000000001 0.5875 0.2968750000000001 0.5875 0.3203125000000001 0.61875 0.3203125000000001
0 0.5171875 0.3156250000000001 0.4375 0.3156250000000001 0.4375 0.3500000000000001 0.5171875 0.3500000000000001
0 0.80625 0.2796875000000001 0.7796875 0.2796875000000001 0.7796875 0.3046875000000001 0.80625 0.3046875000000001
0 0.503125 0.3359375000000001 0.409375 0.3359375000000001 0.409375 0.3812500000000001 0.503125 0.3812500000000001
0 0.571875 0.3312500000000001 0.525 0.3312500000000001 0.525 0.3578125000000001 0.571875 0.3578125000000001