0 0.815625 0.015625000000000094 0.7359375 0.01562500000000009 0.7359375 0.029687500000000096 0.815625 0.0296875000000001
0 0.796875 0.026562500000000093 0.734375 0.02656250000000009 0.734375 0.050000000000000086 0.796875 0.050000000000000086
0 1 0.39375000000000004 0.15625000000000006 0.39375 0.15625000000000006 0.8375 1 0.8375
0 0.721875 0.025000000000000085 0.6046875 0.025000000000000078 0.6046875 0.05937500000000008 0.721875 0.05937500000000009
0 0.303125 0.004687500000000034 0.246875 0.00468750000000003 0.246875 0.026562500000000034 0.303125 0.026562500000000034
0 0.2296875 2.2388074296912548e-17 0.1359375 1.6647542425909335e-17 0.1359375 0.02812500000000002 0.2296875 0.028125000000000032
0 0.8296875 0.0578125000000001 0.74375 0.057812500000000086 0.74375 0.0828125000000001 0.8296875 0.08281250000000011
0 0.440625 0.04531250000000005 0.403125 0.04531250000000005 0.403125 0.059375000000000046 0.440625 0.059375000000000046
0 0.8921875 0.12187500000000007 0.51875 0.12187500000000004 0.51875 0.18593750000000006 0.8921875 0.1859375000000001
0 0.6765625 0.2375000000000001 0.3703125 0.2375000000000001 0.3703125 0.2890625000000001 0.6765625 0.2890625000000001
0 0.06718750000000002 0.2125 0.015625000000000028 0.2125 0.01562500000000003 0.2609375 0.06718750000000002 0.2609375