0 0.5671875 0.3578125000000001 0.4828125 0.3578125000000001 0.4828125 0.3890625000000001 0.5671875 0.3890625000000001
0 0.7390625 0.3750000000000001 0.64375 0.3750000000000001 0.64375 0.41093750000000007 0.7390625 0.4109375000000002
0 0.834375 0.4000000000000002 0.7984375 0.4000000000000002 0.7984375 0.41406250000000017 0.834375 0.41406250000000017
0 0.6109375 0.4046875 0.53125 0.4046875 0.53125 0.4296875 0.6109375 0.4296875
0 0.71875 0.425 0.6265625 0.425 0.6265625 0.4609375 0.71875 0.4609375
0 0.8 0.42500000000000016 0.74375 0.42500000000000016 0.74375 0.46093750000000017 0.8 0.46093750000000017
0 0.9640625 0.4500000000000002 0.9078125 0.4500000000000002 0.9078125 0.47187500000000016 0.9640625 0.47187500000000016
0 0.628125 0.453125 0.56875 0.453125 0.56875 0.471875 0.628125 0.471875
0 0.678125 0.4671875 0.6515625 0.4671875 0.6515625 0.4859375 0.678125 0.4859375
0 0.81875 0.4828125000000002 0.7640625 0.4828125000000002 0.7640625 0.5187500000000002 0.81875 0.5187500000000002
0 0.615625 0.4859375 0.5390625 0.4859375 0.5390625 0.5328125 0.615625 0.5328125
0 0.83125 0.5156250000000002 0.775 0.5156250000000002 0.775 0.5437500000000002 0.83125 0.5437500000000002
0 1 0.5109375000000002 0.9328125 0.5109375000000002 0.9328125 0.5500000000000002 1 0.5500000000000002
0 0.728125 0.5218750000000001 0.640625 0.521875 0.640625 0.5578125 0.728125 0.5578125000000002
0 0.6390625 0.525 0.5765625 0.525 0.5765625 0.5640625 0.6390625 0.5640625
0 0.440625 0.2890625000000001 0.3921875 0.2890625000000001 0.3921875 0.3109375000000001 0.440625 0.3109375000000001