0 0.99375 0.3359375000000001 0.8015625 0.3359375000000001 0.8015625 0.4781250000000002 0.99375 0.4781250000000002
0 0.10468750000000004 0.2859375 0.015625000000000035 0.2859375 0.01562500000000004 0.3875 0.10468750000000004 0.3875
0 1 0.4781250000000001 0.659375 0.478125 0.659375 0.7968750000000001 1 0.7968750000000002
0 0.4109375 0.37812500000000004 0.07812500000000004 0.378125 0.07812500000000007 0.6734375 0.4109375 0.6734375
0 0.6703125 0.009375000000000074 0.546875 0.009375000000000067 0.546875 0.07500000000000008 0.6703125 0.0750000000000001
0 0.703125 0.060937500000000075 0.621875 0.06093750000000007 0.621875 0.11093750000000009 0.703125 0.11093750000000009
0 0.446875 4.4393446469091554e-17 0.278125 3.406048910128576e-17 0.278125 0.08125000000000004 0.446875 0.08125000000000004
0 0.15625 1.4351329677508044e-17 0.078125 9.567553118338697e-18 0.078125 0.08593750000000001 0.15625 0.08593750000000003
0 0.8203125 0.1546875000000001 0.66875 0.1546875000000001 0.66875 0.2484375000000001 0.8203125 0.2484375000000001
0 0.54375 0.09375000000000006 0.3609375 0.09375000000000004 0.3609375 0.20781250000000004 0.54375 0.2078125000000001
0 0.7015625 0.21093750000000008 0.4953125 0.21093750000000008 0.4953125 0.34843750000000007 0.7015625 0.34843750000000007
0 0.2875 0.13281250000000003 0.07812500000000003 0.1328125 0.07812500000000003 0.25625 0.2875 0.25625