0 0.27031250000000007 0.3296875 0.04687500000000004 0.3296875 0.04687500000000004 0.4 0.27031250000000007 0.4
0 0.7 0.40625 0.46875 0.40625 0.46875 0.6609375 0.7 0.6609375
0 0.4484375 0.465625 0.3203125000000001 0.465625 0.3203125000000001 0.61875 0.4484375 0.61875
0 0.84375 0.0546875000000001 0.78125 0.05468750000000009 0.78125 0.0750000000000001 0.84375 0.07500000000000011
0 0.36406250000000007 0.6390625 0.32500000000000007 0.6390625 0.32500000000000007 0.6859375 0.36406250000000007 0.6859375
0 0.2515625000000001 0.5640625 0.04531250000000007 0.5640625 0.045312500000000075 0.7640625 0.2515625000000001 0.7640625
0 0.8921875 0.07500000000000011 0.8609375 0.07500000000000011 0.8609375 0.09375000000000011 0.8921875 0.09375000000000011
0 0.7828125000000001 0.7500000000000001 0.5625000000000002 0.75 0.5625000000000002 0.9296875 0.7828125000000001 0.9296875
0 0.775 0.0750000000000001 0.7328125 0.0750000000000001 0.7328125 0.10468750000000009 0.775 0.10468750000000009
0 0.846875 0.0859375000000001 0.80625 0.08593750000000008 0.80625 0.1062500000000001 0.846875 0.1062500000000001
0 0.921875 0.09687500000000011 0.890625 0.09687500000000011 0.890625 0.11562500000000012 0.921875 0.11562500000000013
0 0.846875 0.0968750000000001 0.7859375 0.09687500000000009 0.7859375 0.1281250000000001 0.846875 0.1281250000000001
0 0.3953125 0.08906250000000003 0.25 0.08906250000000002 0.25 0.14375000000000004 0.3953125 0.14375000000000004
0 0.484375 0.14218750000000005 0.3484375 0.14218750000000005 0.3484375 0.19687500000000005 0.484375 0.19687500000000005
0 0.14375000000000002 0.1578125 0.1 0.1578125 0.10000000000000002 0.1828125 0.14375000000000004 0.1828125
0 0.4265625 0.21875000000000006 0.3390625 0.21875 0.3390625 0.26875000000000004 0.4265625 0.2687500000000001
0 0.3203125 0.221875 0.24375 0.221875 0.24375 0.271875 0.3203125 0.271875
0 0.590625 0.3031250000000001 0.5421875 0.3031250000000001 0.5421875 0.3390625000000001 0.590625 0.3390625000000001