0 0.9 0.33281250000000007 0.8171875 0.33281250000000007 0.8171875 0.3968750000000001 0.9 0.3968750000000001
0 0.6703125 0.34375000000000006 0.334375 0.34375 0.33437500000000003 0.5328125 0.6703125 0.5328125
0 0.5828125 0.050000000000000065 0.5109375 0.050000000000000065 0.5109375 0.07187500000000006 0.5828125 0.07187500000000006
0 0.234375 0.03906250000000003 0.1625 0.03906250000000002 0.1625 0.08906250000000002 0.234375 0.08906250000000002
0 0.49375 0.042187500000000044 0.246875 0.04218750000000003 0.246875 0.10000000000000005 0.49375 0.10000000000000005
0 0.5984375 0.08281250000000007 0.528125 0.08281250000000007 0.528125 0.12656250000000008 0.5984375 0.12656250000000008
0 0.91875 1.0734794598776019e-16 0.834375 1.0218146730385728e-16 0.834375 0.025000000000000105 0.91875 0.025000000000000112
0 0.3703125 0.08593750000000003 0.271875 0.08593750000000003 0.271875 0.14375000000000004 0.3703125 0.14375000000000004
0 0.2296875 0.09218750000000002 0.159375 0.09218750000000002 0.159375 0.15000000000000002 0.2296875 0.15000000000000005
0 0.6921875 0.12500000000000008 0.590625 0.12500000000000008 0.590625 0.1750000000000001 0.6921875 0.1750000000000001
0 0.5796875 0.16406250000000006 0.4953125 0.16406250000000006 0.4953125 0.2078125000000001 0.5796875 0.2078125000000001
0 0.23125 0.010937500000000024 0.159375 0.01093750000000002 0.159375 0.035937500000000025 0.23125 0.03593750000000003
0 0.5140625 0.21093750000000008 0.3875 0.21093750000000008 0.3875 0.2968750000000001 0.5140625 0.2968750000000001
0 0.975 0.014062500000000117 0.8984375 0.014062500000000111 0.8984375 0.043750000000000115 0.975 0.04375000000000012
0 0.2421875 0.24375 0.16718750000000004 0.24375 0.16718750000000004 0.3296875 0.2421875 0.3296875