0 0.9546875 0.3296875000000001 0.73125 0.3296875000000001 0.73125 0.4000000000000002 0.9546875 0.4000000000000002
0 0.53125 0.40625 0.3000000000000001 0.40625 0.3000000000000001 0.6609375 0.53125 0.6609375
0 0.6796875 0.465625 0.5515625 0.465625 0.5515625 0.61875 0.6796875 0.61875
0 0.21875 0.05468750000000002 0.15625 0.05468750000000002 0.15625 0.07500000000000002 0.21875 0.07500000000000002
0 0.675 0.6390625 0.6359375 0.6390625 0.6359375 0.6859375 0.675 0.6859375
0 0.9546875 0.5640625000000001 0.7484375 0.5640625000000001 0.7484375000000001 0.7640625000000002 0.9546875 0.7640625000000002
0 0.1390625 0.07500000000000002 0.1078125 0.07500000000000002 0.1078125 0.09375000000000003 0.1390625 0.09375000000000003
0 0.4390625000000002 0.75 0.21875000000000008 0.75 0.21875000000000008 0.9296875 0.4390625000000002 0.9296875
0 0.2671875 0.07500000000000002 0.225 0.07500000000000002 0.225 0.10468750000000004 0.2671875 0.10468750000000004
0 0.1953125 0.08593750000000003 0.1546875 0.08593750000000003 0.1546875 0.10625000000000002 0.1953125 0.10625000000000004
0 0.1109375 0.09687500000000002 0.07968750000000002 0.096875 0.07968750000000002 0.115625 0.1109375 0.115625
0 0.215625 0.09687500000000002 0.1546875 0.09687500000000002 0.1546875 0.12812500000000002 0.215625 0.12812500000000004
0 0.7515625 0.08906250000000007 0.60625 0.08906250000000007 0.60625 0.1437500000000001 0.7515625 0.1437500000000001
0 0.6515625 0.14218750000000008 0.515625 0.14218750000000005 0.515625 0.19687500000000008 0.6515625 0.19687500000000008
0 0.9 0.15781250000000008 0.85625 0.15781250000000008 0.85625 0.1828125000000001 0.9 0.1828125000000001
0 0.6625 0.21875000000000008 0.575 0.21875000000000008 0.575 0.2687500000000001 0.6625 0.2687500000000001
0 0.75625 0.2218750000000001 0.6796875 0.2218750000000001 0.6796875 0.2718750000000001 0.75625 0.2718750000000001
0 0.459375 0.3031250000000001 0.4109375 0.3031250000000001 0.4109375 0.3390625000000001 0.459375 0.3390625000000001