0 0.18281250000000004 0.3328125 0.10000000000000005 0.3328125 0.10000000000000005 0.396875 0.18281250000000004 0.396875
0 0.6671875 0.34375000000000006 0.33125 0.34375 0.33125000000000004 0.5328125 0.6671875 0.5328125
0 0.490625 0.05000000000000006 0.41875 0.050000000000000044 0.41875 0.07187500000000005 0.490625 0.07187500000000006
0 0.8390625 0.0390625000000001 0.7671875 0.03906250000000009 0.7671875 0.0890625000000001 0.8390625 0.08906250000000011
0 0.7546875 0.04218750000000008 0.5078125 0.042187500000000065 0.5078125 0.10000000000000006 0.7546875 0.10000000000000009
0 0.4734375 0.08281250000000005 0.403125 0.08281250000000004 0.403125 0.12656250000000005 0.4734375 0.12656250000000005
0 0.1671875 1.5308084989341915e-17 0.0828125 1.0141606305439019e-17 0.0828125 0.025000000000000015 0.1671875 0.025000000000000022
0 0.7296875 0.08593750000000008 0.63125 0.08593750000000007 0.63125 0.1437500000000001 0.7296875 0.1437500000000001
0 0.8421875 0.0921875000000001 0.771875 0.09218750000000009 0.771875 0.15000000000000008 0.8421875 0.15000000000000008
0 0.409375 0.12500000000000006 0.3078125 0.12500000000000006 0.3078125 0.17500000000000004 0.409375 0.17500000000000004
0 0.5046875 0.16406250000000006 0.4203125 0.16406250000000006 0.4203125 0.2078125000000001 0.5046875 0.2078125000000001
0 0.8421875 0.010937500000000098 0.7703125 0.010937500000000095 0.7703125 0.035937500000000094 0.8421875 0.0359375000000001
0 0.6140625 0.21093750000000008 0.4875 0.21093750000000008 0.4875 0.2968750000000001 0.6140625 0.2968750000000001
0 0.103125 0.014062500000000009 0.0265625 0.014062500000000006 0.0265625 0.043750000000000004 0.103125 0.04375000000000001
0 0.834375 0.24375000000000008 0.759375 0.24375000000000008 0.759375 0.3296875000000001 0.834375 0.3296875000000001