0 0.5296875 0.32812500000000006 0.19843750000000004 0.328125 0.19843750000000004 0.471875 0.5296875 0.471875
0 0.15156250000000004 0.415625 0.11250000000000004 0.415625 0.11250000000000004 0.45 0.15156250000000004 0.45
0 0.6859375 0.4515625 0.571875 0.4515625 0.571875 0.55625 0.6859375 0.55625
0 0.12343750000000006 0.46875 5.740531871003217e-17 0.46875 6.649449417245395e-17 0.6171875 0.12343750000000009 0.6171875
0 0.4843750000000001 0.4625 0.14375000000000004 0.4625 0.14375000000000007 0.83125 0.48437500000000017 0.83125
0 0.9140625 1.0964415873616147e-16 0.8765625 1.0734794598776019e-16 0.8765625 0.01093750000000011 0.9140625 0.01093750000000011
0 0.8328125 0.0031250000000001 0.803125 0.0031250000000000986 0.803125 0.0156250000000001 0.8328125 0.0156250000000001
0 0.9734375 0.015625000000000118 0.9328125 0.015625000000000118 0.9328125 0.025000000000000116 0.9734375 0.025000000000000123
0 0.9203125 0.014062500000000108 0.8390625 0.014062500000000106 0.8390625 0.057812500000000114 0.9203125 0.057812500000000114
0 0.45 0.06562500000000004 0.4265625 0.06562500000000004 0.4265625 0.07812500000000004 0.45 0.07812500000000004
0 0.7953125 0.05156250000000009 0.7484375 0.05156250000000009 0.7484375 0.07031250000000008 0.7953125 0.07031250000000008
0 0.746875 0.06250000000000008 0.709375 0.06250000000000008 0.709375 0.07656250000000009 0.746875 0.07656250000000009
0 0.4609375 0.09375000000000006 0.390625 0.09375000000000004 0.390625 0.12500000000000006 0.4609375 0.12500000000000006
0 0.3375 0.13437500000000005 0.2578125 0.13437500000000005 0.2578125 0.17500000000000004 0.3375 0.17500000000000004
0 0.5328125 0.17343750000000005 0.5125 0.17343750000000005 0.5125 0.18593750000000003 0.5328125 0.18593750000000003
0 0.253125 0.228125 0.19687500000000005 0.228125 0.19687500000000005 0.2625 0.253125 0.2625
0 0.9921875 0.13750000000000012 0.8703125 0.1375000000000001 0.8703125 0.3421875000000001 0.9921875 0.3421875000000001
0 0.09218750000000005 0.2828125 0.051562500000000046 0.2828125 0.051562500000000046 0.3 0.09218750000000005 0.3