0 0.709375 0.4078125 0.6625 0.4078125 0.6625 0.428125 0.709375 0.428125
0 0.578125 0.5984375 0.5265625 0.5984375 0.5265625 0.65 0.578125 0.65
0 0.9953125 0.6359375000000002 0.8109375 0.6359375000000002 0.8109375 0.7906250000000001 0.9953125 0.7906250000000001
0 0.40312500000000007 0.6765625 0.20312500000000008 0.6765625 0.20312500000000008 0.928125 0.4031250000000002 0.928125
0 0.1828125000000001 0.7875 9.644093543285407e-17 0.7875 1.0457335558344195e-16 0.9203125 0.18281250000000013 0.9203125
0 0.3484375 0.19531250000000006 0.321875 0.19531250000000006 0.321875 0.2140625 0.3484375 0.2140625
0 0.3859375 0.21093750000000006 0.353125 0.2109375 0.353125 0.22343750000000004 0.3859375 0.2234375000000001
0 0.4765625 0.24375000000000008 0.375 0.24375000000000008 0.375 0.2656250000000001 0.4765625 0.2656250000000001
0 0.5625 0.2843750000000001 0.5015625 0.2843750000000001 0.5015625 0.3078125000000001 0.5625 0.3078125000000001
0 0.17343750000000005 0.2640625 0.12031250000000004 0.2640625 0.12031250000000004 0.3015625 0.17343750000000005 0.3015625
0 0.9296875 0.2875000000000001 0.8 0.2875000000000001 0.8 0.3421875000000001 0.9296875 0.3421875000000001
0 0.4765625 0.28906250000000006 0.35625 0.2890625 0.35625 0.31562500000000004 0.4765625 0.3156250000000001
0 0.515625 0.3156250000000001 0.46875 0.3156250000000001 0.46875 0.3390625000000001 0.515625 0.3390625000000001