0 0.3375000000000001 0.4078125 0.2906250000000001 0.4078125 0.2906250000000001 0.428125 0.3375000000000001 0.428125
0 0.4734375 0.5984375 0.421875 0.5984375 0.421875 0.65 0.4734375 0.65
0 0.18906250000000008 0.6359375 0.004687500000000078 0.6359375 0.004687500000000087 0.790625 0.18906250000000008 0.790625
0 0.7968750000000001 0.6765625000000001 0.596875 0.6765625 0.596875 0.928125 0.7968750000000002 0.928125
0 1 0.7875000000000002 0.8171875 0.7875000000000002 0.8171875 0.9203125 1 0.9203125
0 0.6796875 0.19531250000000008 0.653125 0.19531250000000008 0.653125 0.2140625000000001 0.6796875 0.2140625000000001
0 0.646875 0.21093750000000008 0.6140625 0.21093750000000008 0.6140625 0.2234375000000001 0.646875 0.2234375000000001
0 0.625 0.24375000000000008 0.5234375 0.24375000000000008 0.5234375 0.2656250000000001 0.625 0.2656250000000001
0 0.4984375 0.2843750000000001 0.4375 0.2843750000000001 0.4375 0.3078125000000001 0.4984375 0.3078125000000001
0 0.8796875 0.2640625000000001 0.8265625 0.2640625000000001 0.8265625 0.30156250000000007 0.8796875 0.30156250000000007
0 0.2 0.2875 0.07031250000000004 0.2875 0.07031250000000004 0.3421875 0.2 0.3421875
0 0.6453125 0.2890625000000001 0.525 0.2890625000000001 0.525 0.3156250000000001 0.6453125 0.3156250000000001
0 0.5328125 0.3156250000000001 0.4859375 0.3156250000000001 0.4859375 0.3390625000000001 0.5328125 0.3390625000000001