0 0.5125 0.6609375 0.465625 0.6609375 0.465625 0.703125 0.5125 0.703125
0 0.7078125 0.6296875 0.6546875 0.6296875 0.6546875 0.665625 0.7078125 0.665625
0 0.6546875 0.5890625 0.6078125 0.5890625 0.6078125 0.6125 0.6546875 0.6125
0 0.5625 0.5359375 0.5375 0.5359375 0.5375 0.553125 0.5625 0.553125
0 0.5703125 0.55625 0.55 0.55625 0.55 0.5796875 0.5703125 0.5796875
0 0.5875 0.5828125 0.5671875 0.5828125 0.5671875 0.5953125 0.5875 0.5953125
0 0.496875 0.603125 0.4671875 0.603125 0.4671875 0.628125 0.496875 0.628125
0 0.4875 0.5109375 0.4765625 0.5109375 0.4765625 0.5171875 0.4875 0.5171875
0 0.534375 0.5109375 0.521875 0.5109375 0.521875 0.51875 0.534375 0.51875
0 0.4890625 0.490625 0.48125 0.490625 0.48125 0.496875 0.4890625 0.496875
0 0.5359375000000001 0.7109375 0.4390625 0.7109375 0.4390625000000001 0.846875 0.5359375000000002 0.846875