0 0.7734375000000001 0.7125000000000001 0.5140625 0.7125 0.5140625000000001 0.9171875 0.7734375000000002 0.9171875
0 0.7609375 0.45000000000000007 0.5515625 0.45 0.5515625 0.5421875 0.7609375 0.5421875000000002
0 0.846875 0.3671875000000001 0.6671875 0.3671875000000001 0.6671875 0.41875000000000007 0.846875 0.4187500000000002
0 0.83125 0.2968750000000001 0.7078125 0.2968750000000001 0.7078125 0.3375000000000001 0.83125 0.3375000000000001
0 0.746875 0.2718750000000001 0.6390625 0.2718750000000001 0.6390625 0.3046875000000001 0.746875 0.3046875000000001
0 0.6953125 0.2468750000000001 0.5984375 0.2468750000000001 0.5984375 0.2734375000000001 0.6953125 0.2734375000000001
0 0.746875 0.2078125000000001 0.6796875 0.2078125000000001 0.6796875 0.23437500000000008 0.746875 0.23437500000000008
0 0.503125 0.3890625000000001 0.37968750000000007 0.3890625000000001 0.37968750000000007 0.4375 0.503125 0.4375
0 0.490625 0.3500000000000001 0.403125 0.3500000000000001 0.403125 0.3906250000000001 0.490625 0.3906250000000001
0 0.578125 0.3046875000000001 0.503125 0.3046875000000001 0.503125 0.3343750000000001 0.578125 0.3343750000000001
0 0.4359375 0.3140625 0.34375 0.3140625 0.34375 0.34687500000000004 0.4359375 0.3468750000000001
0 0.36875 0.35625000000000007 0.30625 0.35625 0.30625 0.38593750000000004 0.3687500000000001 0.3859375000000001
0 0.14062500000000008 0.70625 0.017187500000000088 0.70625 0.017187500000000095 0.8078125 0.14062500000000008 0.8078125