0 0.5359375000000002 0.74375 0.4578125000000002 0.74375 0.4578125000000002 0.8078125 0.5359375000000002 0.8078125
0 0.5828125 0.6328125 0.5328125 0.6328125 0.5328125 0.6734375 0.5828125 0.6734375
0 0.5671875 0.5859375 0.5265625 0.5859375 0.5265625 0.6109375 0.5671875 0.6109375
0 0.5265625 0.565625 0.4828125 0.565625 0.4828125 0.584375 0.5265625 0.584375
0 0.5125 0.5515625 0.4859375 0.5515625 0.4859375 0.565625 0.5125 0.565625
0 0.49375 0.6234375 0.46875 0.6234375 0.46875 0.6484375 0.49375 0.6484375
0 0.509375 0.5890625 0.4734375 0.5890625 0.4734375 0.603125 0.509375 0.603125
0 0.5125 0.6515625 0.4625 0.6515625 0.4625 0.7 0.5125 0.7
0 0.2734375000000001 0.61875 0.24218750000000008 0.61875 0.24218750000000008 0.63125 0.2734375000000001 0.63125
0 0.3734375000000001 0.5578125 0.3546875000000001 0.5578125 0.3546875000000001 0.565625 0.3734375000000001 0.565625
0 0.4515625 0.5328125 0.428125 0.5328125 0.428125 0.540625 0.4515625 0.540625
0 0.5515625000000001 0.7140625 0.4796875 0.7140625 0.4796875000000001 0.753125 0.5515625000000002 0.753125
0 0.5562500000000001 0.6765625 0.525 0.6765625 0.5250000000000001 0.728125 0.5562500000000001 0.728125