0 0.715625 0.621875 0.6390625 0.621875 0.6390625 0.6828125 0.715625 0.6828125
0 0.8125 0.6312500000000002 0.7578125 0.6312500000000002 0.7578125 0.6562500000000002 0.8125 0.6562500000000002
0 0.753125 0.5875000000000001 0.684375 0.5875 0.684375 0.6343750000000001 0.753125 0.6343750000000001
0 0.525 0.5953125 0.484375 0.5953125 0.484375 0.615625 0.525 0.615625
0 0.6796875 0.5625 0.6546875 0.5625 0.6546875 0.5796875 0.6796875 0.5796875
0 0.621875 0.5375 0.60625 0.5375 0.60625 0.5453125 0.621875 0.5453125
0 0.65 0.553125 0.6359375 0.553125 0.6359375 0.5578125 0.65 0.5578125
0 0.45 0.5265625 0.41875 0.5265625 0.41875 0.55 0.45 0.55
0 0.5921875 0.5171875 0.5734375 0.5171875 0.5734375 0.5265625 0.5921875 0.5265625
0 0.5640625 0.5046875 0.55 0.5046875 0.55 0.509375 0.5640625 0.509375
0 0.5328125 0.496875 0.515625 0.496875 0.515625 0.5078125 0.5328125 0.5078125