0 0.4609375 0.5171875 0.19687500000000005 0.5171875 0.19687500000000008 0.7140625 0.4609375 0.7140625
0 0.890625 0.7171875000000001 0.453125 0.7171875 0.4531250000000001 0.99375 0.890625 0.99375
0 0.3609375000000001 0.8796875 0.03125000000000011 0.8796875 0.03125000000000012 1 0.3609375000000001 1
0 0.15781250000000008 0.6796875 8.323771212954667e-17 0.6796875 9.156148334250133e-17 0.815625 0.15781250000000008 0.815625
0 0.85 0.3765625000000001 0.459375 0.3765625000000001 0.459375 0.5406250000000001 0.85 0.5406250000000001
0 0.38750000000000007 0.353125 0.234375 0.353125 0.23437500000000006 0.4203125 0.38750000000000007 0.4203125
0 0.19062500000000004 0.390625 0.050000000000000044 0.390625 0.05000000000000006 0.490625 0.19062500000000004 0.490625
0 0.050000000000000065 0.4859375 5.95101803960667e-17 0.4859375 6.32415261122188e-17 0.546875 0.050000000000000065 0.546875
0 0.446875 0.16093750000000004 0.29375 0.16093750000000004 0.29375 0.21406250000000004 0.446875 0.2140625000000001
0 0.6109375 0.2515625000000001 0.4203125 0.2515625000000001 0.4203125 0.3140625000000001 0.6109375 0.3140625000000001
0 0.6375 0.20312500000000008 0.553125 0.20312500000000008 0.553125 0.2406250000000001 0.6375 0.2406250000000001
0 0.8765625 0.19687500000000008 0.6828125 0.19687500000000008 0.6828125 0.2671875000000001 0.8765625 0.2671875000000001
0 0.353125 0.10937500000000004 0.253125 0.10937500000000004 0.253125 0.14687500000000003 0.353125 0.14687500000000003
0 0.478125 0.09062500000000005 0.34375 0.09062500000000004 0.34375 0.13125000000000003 0.478125 0.13125000000000003
0 0.78125 0.12656250000000008 0.534375 0.12656250000000005 0.534375 0.19375000000000006 0.78125 0.1937500000000001
0 0.3375 0.03750000000000003 0.1578125 0.03750000000000002 0.1578125 0.10781250000000002 0.3375 0.10781250000000005
0 0.496875 0.32031250000000006 0.359375 0.3203125 0.35937500000000006 0.37343750000000003 0.496875 0.3734375000000001
0 0.340625 0.2671875 0.2765625 0.2671875 0.2765625 0.3046875 0.340625 0.3046875
0 0.996875 0.6609375000000002 0.9140625 0.6609375000000002 0.9140625 0.7671875000000001 0.996875 0.7671875000000001