0 0.5359375000000001 0.6671875 0.3125000000000001 0.6671875 0.3125000000000001 0.7734375 0.5359375000000002 0.7734375
0 0.7234375000000002 0.790625 0.5937500000000002 0.790625 0.5937500000000002 0.9109375 0.7234375000000002 0.9109375
0 0.634375 0.6109375 0.5203125 0.6109375 0.5203125 0.6734375 0.634375 0.6734375
0 0.5921875 0.546875 0.5 0.546875 0.5 0.596875 0.5921875 0.596875
0 0.48125 0.5875 0.3859375000000001 0.5875 0.3859375000000001 0.6375 0.48125 0.6375
0 0.4640625 0.49375 0.3781250000000001 0.49375 0.3781250000000001 0.528125 0.4640625 0.528125
0 0.7 0.4640625 0.5375 0.4640625 0.5375 0.5046875 0.7 0.5046875
0 0.7765625 0.5015625000000001 0.678125 0.5015625 0.678125 0.5406250000000001 0.7765625 0.5406250000000001
0 0.5734375 0.4234375 0.4859375 0.4234375 0.4859375 0.45 0.5734375 0.45
0 0.15781250000000008 0.6171875 0.0031250000000000748 0.6171875 0.0031250000000000804 0.7046875 0.15781250000000008 0.7046875
0 0.1828125000000001 0.5640625 0.08281250000000007 0.5640625 0.08281250000000007 0.6078125 0.1828125000000001 0.6078125
0 0.2375000000000001 0.5171875 0.12500000000000006 0.5171875 0.12500000000000006 0.5671875 0.2375000000000001 0.5671875
0 0.2796875000000001 0.4609375 0.21250000000000008 0.4609375 0.21250000000000008 0.484375 0.2796875000000001 0.484375
0 0.34843750000000007 0.4265625 0.27812500000000007 0.4265625 0.27812500000000007 0.45 0.34843750000000007 0.45
0 0.3234375000000001 0.384375 0.2156250000000001 0.384375 0.2156250000000001 0.4140625 0.3234375000000001 0.4140625
0 0.45 0.34062500000000007 0.346875 0.340625 0.34687500000000004 0.36718750000000006 0.45 0.3671875000000001
0 0.3906250000000001 0.36718750000000006 0.3265625000000001 0.3671875 0.3265625000000001 0.38750000000000007 0.3906250000000001 0.38750000000000007
0 0.54375 0.37968750000000007 0.4859375 0.37968750000000007 0.4859375 0.4 0.54375 0.4