0 0.8046875 0.5171875000000001 0.540625 0.5171875 0.540625 0.7140625 0.8046875 0.7140625000000002
0 0.5468750000000001 0.7171875 0.10937500000000008 0.7171875 0.10937500000000011 0.99375 0.5468750000000002 0.99375
0 0.9703125 0.8796875 0.6406250000000002 0.8796875 0.6406250000000002 1 0.9703125 1
0 1 0.6796875000000002 0.8421875 0.6796875000000002 0.8421875 0.815625 1 0.815625
0 0.540625 0.3765625 0.15000000000000005 0.3765625 0.15000000000000005 0.540625 0.540625 0.540625
0 0.7671875 0.3531250000000001 0.6140625 0.3531250000000001 0.6140625 0.4203125000000001 0.7671875 0.4203125000000002
0 0.95 0.3906250000000001 0.809375 0.3906250000000001 0.809375 0.4906250000000002 0.95 0.4906250000000002
0 1 0.4859375000000002 0.95 0.4859375000000002 0.95 0.5468750000000002 1 0.5468750000000002
0 0.70625 0.1609375000000001 0.553125 0.1609375000000001 0.553125 0.2140625000000001 0.70625 0.2140625000000001
0 0.58125 0.2515625000000001 0.390625 0.2515625000000001 0.390625 0.3140625000000001 0.58125 0.3140625000000001
0 0.446875 0.20312500000000006 0.3625 0.203125 0.3625 0.24062500000000003 0.446875 0.2406250000000001
0 0.3171875 0.19687500000000002 0.12343750000000005 0.196875 0.12343750000000005 0.2671875 0.3171875 0.2671875
0 0.746875 0.10937500000000008 0.646875 0.10937500000000008 0.646875 0.1468750000000001 0.746875 0.1468750000000001
0 0.6578125 0.09062500000000008 0.5234375 0.09062500000000007 0.5234375 0.13125000000000006 0.6578125 0.1312500000000001
0 0.4671875 0.12656250000000005 0.2203125 0.12656250000000005 0.2203125 0.19375000000000003 0.4671875 0.19375000000000003
0 0.84375 0.03750000000000009 0.6640625 0.037500000000000075 0.6640625 0.10781250000000009 0.84375 0.10781250000000009
0 0.640625 0.3203125000000001 0.503125 0.3203125000000001 0.503125 0.3734375000000001 0.640625 0.3734375000000001
0 0.7234375 0.2671875000000001 0.659375 0.2671875000000001 0.659375 0.3046875000000001 0.7234375 0.3046875000000001
0 0.08750000000000009 0.6609375 0.0046875000000000805 0.6609375 0.004687500000000087 0.7671875 0.08750000000000009 0.7671875