0 0.7125 0.665625 0.640625 0.665625 0.640625 0.70625 0.7125 0.70625
0 0.65625 0.64375 0.6359375 0.64375 0.6359375 0.6609375 0.65625 0.6609375
0 0.8234375 0.7750000000000001 0.7140625000000002 0.775 0.7140625000000002 0.80625 0.8234375 0.80625
0 0.7765625000000002 0.7328125000000001 0.7046875000000001 0.7328125 0.7046875000000001 0.7718750000000001 0.7765625000000002 0.7718750000000002
0 0.1843750000000001 0.6703125 0.0015625000000000818 0.6703125 0.001562500000000091 0.8171875 0.1843750000000001 0.8171875
0 0.2250000000000001 0.640625 0.18750000000000008 0.640625 0.18750000000000008 0.671875 0.2250000000000001 0.671875
0 0.3062500000000001 0.5921875 0.2718750000000001 0.5921875 0.2718750000000001 0.6171875 0.3062500000000001 0.6171875
0 0.3906250000000001 0.5453125 0.3187500000000001 0.5453125 0.3187500000000001 0.5953125 0.3906250000000001 0.5953125
0 0.4375 0.5484375 0.403125 0.5484375 0.403125 0.5703125 0.4375 0.5703125
0 0.46875 0.503125 0.4546875 0.503125 0.4546875 0.5078125 0.46875 0.5078125
0 0.553125 0.5125 0.540625 0.5125 0.540625 0.51875 0.553125 0.51875
0 0.5140625 0.4984375 0.5078125 0.4984375 0.5078125 0.503125 0.5140625 0.503125
0 0.53125 0.4921875 0.5234375 0.4921875 0.5234375 0.4984375 0.53125 0.4984375