0 0.4515625000000002 0.7765625 0.3125000000000001 0.7765625 0.3125000000000001 0.8734375 0.4515625000000002 0.8734375
0 0.5296875000000002 0.7296875 0.4468750000000002 0.7296875 0.4468750000000002 0.7875 0.5296875000000002 0.7875
0 0.3265625000000001 0.571875 0.1921875000000001 0.571875 0.1921875000000001 0.6546875 0.3265625000000001 0.6546875
0 0.471875 0.5703125 0.4015625 0.5703125 0.4015625 0.61875 0.471875 0.61875
0 0.60625 0.5828125 0.5234375 0.5828125 0.5234375 0.6171875 0.60625 0.6171875
0 0.7203125 0.5765625 0.66875 0.5765625 0.66875 0.6109375 0.7203125 0.6109375
0 0.63125 0.5640625 0.5125 0.5640625 0.5125 0.590625 0.63125 0.590625
0 0.4734375 0.471875 0.3890625000000001 0.471875 0.3890625000000001 0.5203125 0.4734375 0.5203125
0 0.2093750000000001 0.4703125 0.17343750000000005 0.4703125 0.17343750000000005 0.4953125 0.2093750000000001 0.4953125
0 0.3390625000000001 0.484375 0.2734375000000001 0.484375 0.2734375000000001 0.525 0.3390625000000001 0.525
0 0.3734375000000001 0.434375 0.3421875000000001 0.434375 0.3421875000000001 0.45625 0.3734375000000001 0.45625
0 0.90625 0.7203125000000001 0.7109375 0.7203125 0.7109375000000001 0.821875 0.90625 0.821875