0 0.6890625000000001 0.6671875 0.465625 0.6671875 0.46562500000000007 0.7734375 0.6890625000000001 0.7734375
0 0.4078125000000002 0.790625 0.27812500000000007 0.790625 0.27812500000000007 0.9109375 0.4078125000000002 0.9109375
0 0.4796875 0.6109375 0.3656250000000001 0.6109375 0.3656250000000001 0.6734375 0.4796875 0.6734375
0 0.5 0.546875 0.4078125 0.546875 0.4078125 0.596875 0.5 0.596875
0 0.615625 0.5875 0.5203125 0.5875 0.5203125 0.6375 0.615625 0.6375
0 0.6234375 0.49375 0.5375 0.49375 0.5375 0.528125 0.6234375 0.528125
0 0.4625 0.4640625 0.3000000000000001 0.4640625 0.3000000000000001 0.5046875 0.4625 0.5046875
0 0.3234375000000001 0.5015625 0.2250000000000001 0.5015625 0.2250000000000001 0.540625 0.3234375000000001 0.540625
0 0.515625 0.4234375 0.428125 0.4234375 0.428125 0.45 0.515625 0.45
0 0.9984375 0.6171875000000002 0.84375 0.6171875000000002 0.84375 0.7046875000000001 0.9984375 0.7046875000000001
0 0.9171875 0.5640625000000001 0.8171875 0.5640625000000001 0.8171875 0.6078125000000002 0.9171875 0.6078125000000002
0 0.875 0.5171875000000001 0.7625 0.5171875000000001 0.7625 0.5671875000000002 0.875 0.5671875000000002
0 0.7875 0.4609375000000001 0.7203125 0.4609375 0.7203125 0.4843750000000001 0.7875 0.48437500000000017
0 0.7234375 0.4265625 0.653125 0.4265625 0.653125 0.45 0.7234375 0.45
0 0.7859375 0.3843750000000001 0.678125 0.3843750000000001 0.678125 0.4140625000000001 0.7859375 0.41406250000000017
0 0.653125 0.34062500000000007 0.55 0.34062500000000007 0.55 0.3671875000000001 0.653125 0.3671875000000001
0 0.675 0.3671875000000001 0.6109375 0.3671875000000001 0.6109375 0.38750000000000007 0.675 0.38750000000000007
0 0.515625 0.37968750000000007 0.4578125 0.37968750000000007 0.4578125 0.4 0.515625 0.4