0 0.3593750000000001 0.665625 0.2875000000000001 0.665625 0.2875000000000001 0.70625 0.3593750000000001 0.70625
0 0.36406250000000007 0.64375 0.3437500000000001 0.64375 0.3437500000000001 0.6609375 0.36406250000000007 0.6609375
0 0.28593750000000007 0.775 0.1765625000000001 0.775 0.1765625000000001 0.80625 0.28593750000000007 0.80625
0 0.2968750000000001 0.7328125 0.2250000000000001 0.7328125 0.2250000000000001 0.771875 0.2968750000000001 0.771875
0 1 0.6703125000000002 0.8171875 0.6703125000000002 0.8171875 0.8171875 1 0.8171875
0 0.8125 0.6406250000000002 0.775 0.6406250000000002 0.775 0.6718750000000002 0.8125 0.6718750000000002
0 0.728125 0.5921875000000001 0.69375 0.5921875 0.69375 0.6171875000000001 0.728125 0.6171875000000002
0 0.68125 0.5453125 0.609375 0.5453125 0.609375 0.5953125 0.68125 0.5953125
0 0.5984375 0.5484375 0.5640625 0.5484375 0.5640625 0.5703125 0.5984375 0.5703125
0 0.546875 0.503125 0.5328125 0.503125 0.5328125 0.5078125 0.546875 0.5078125
0 0.459375 0.5125 0.446875 0.5125 0.446875 0.51875 0.459375 0.51875
0 0.4921875 0.4984375 0.4859375 0.4984375 0.4859375 0.503125 0.4921875 0.503125
0 0.4765625 0.4921875 0.46875 0.4921875 0.46875 0.4984375 0.4765625 0.4984375