0 0.6875000000000002 0.7765625 0.5484375000000001 0.7765625 0.5484375000000001 0.8734375 0.6875000000000002 0.8734375
0 0.5531250000000002 0.7296875 0.4703125000000002 0.7296875 0.4703125000000002 0.7875 0.5531250000000002 0.7875
0 0.8078125 0.5718750000000001 0.6734375 0.571875 0.6734375 0.6546875000000001 0.8078125 0.6546875000000002
0 0.6 0.5703125 0.5296875 0.5703125 0.5296875 0.61875 0.6 0.61875
0 0.4765625 0.5828125 0.3937500000000001 0.5828125 0.3937500000000001 0.6171875 0.4765625 0.6171875
0 0.33281250000000007 0.5765625 0.2812500000000001 0.5765625 0.2812500000000001 0.6109375 0.33281250000000007 0.6109375
0 0.4875 0.5640625 0.3687500000000001 0.5640625 0.3687500000000001 0.590625 0.4875 0.590625
0 0.6109375 0.471875 0.5265625 0.471875 0.5265625 0.5203125 0.6109375 0.5203125
0 0.8265625 0.4703125000000002 0.790625 0.4703125000000002 0.790625 0.49531250000000016 0.8265625 0.49531250000000016
0 0.728125 0.4843750000000001 0.6625 0.484375 0.6625 0.5250000000000001 0.728125 0.5250000000000001
0 0.6578125 0.434375 0.6265625 0.434375 0.6265625 0.45625 0.6578125 0.45625
0 0.2890625000000001 0.7203125 0.09375000000000008 0.7203125 0.0937500000000001 0.821875 0.2890625000000001 0.821875