0 0.6875000000000002 0.7765625 0.5500000000000002 0.7765625 0.5500000000000002 0.8734375 0.6875000000000002 0.8734375
0 0.5546875000000002 0.7296875 0.47187500000000016 0.7296875 0.47187500000000016 0.7875 0.5546875000000002 0.7875
0 0.80625 0.5734375 0.6734375 0.5734375 0.6734375 0.6531250000000001 0.80625 0.6531250000000002
0 0.5984375 0.5703125 0.5296875 0.5703125 0.5296875 0.6171875 0.5984375 0.6171875
0 0.4765625 0.5828125 0.3968750000000001 0.5828125 0.3968750000000001 0.6171875 0.4765625 0.6171875
0 0.33281250000000007 0.5765625 0.2828125000000001 0.5765625 0.2828125000000001 0.6109375 0.33281250000000007 0.6109375
0 0.4875 0.5640625 0.3687500000000001 0.5640625 0.3687500000000001 0.590625 0.4875 0.590625
0 0.6109375 0.4734375 0.5265625 0.4734375 0.5265625 0.5203125 0.6109375 0.5203125
0 0.8265625 0.4703125000000002 0.790625 0.4703125000000002 0.790625 0.4937500000000002 0.8265625 0.4937500000000002
0 0.7265625 0.4843750000000001 0.6625 0.484375 0.6625 0.5234375000000001 0.7265625 0.5234375000000002
0 0.6578125 0.434375 0.6265625 0.434375 0.6265625 0.4578125 0.6578125 0.4578125
0 0.2890625000000001 0.7203125 0.09375000000000008 0.7203125 0.0937500000000001 0.8203125 0.2890625000000001 0.8203125