0 0.5015625 0.6875 0.45625 0.6875 0.45625 0.7234375 0.5015625 0.7234375
0 0.5 0.653125 0.45625 0.653125 0.45625 0.6828125 0.5 0.6828125
0 0.503125 0.603125 0.4578125 0.603125 0.4578125 0.6265625 0.503125 0.6265625
0 0.4921875 0.5828125 0.4625 0.5828125 0.4625 0.596875 0.4921875 0.596875
0 0.496875 0.5640625 0.4625 0.5640625 0.4625 0.5828125 0.496875 0.5828125
0 0.49375 0.5390625 0.4625 0.5390625 0.4625 0.5625 0.49375 0.5625
0 0.4890625 0.5265625 0.4703125 0.5265625 0.4703125 0.5359375 0.4890625 0.5359375
0 0.484375 0.5046875 0.4734375 0.5046875 0.4734375 0.51875 0.484375 0.51875
0 0.48125 0.5203125 0.4703125 0.5203125 0.4703125 0.5265625 0.48125 0.5265625
0 0.5390625 0.5296875 0.521875 0.5296875 0.521875 0.5375 0.5390625 0.5375
0 0.5796875 0.5296875 0.559375 0.5296875 0.559375 0.5421875 0.5796875 0.5421875
0 0.51875 0.5046875 0.496875 0.5046875 0.496875 0.5125 0.51875 0.5125