0 0.5437500000000002 0.74375 0.4656250000000002 0.74375 0.4656250000000002 0.8078125 0.5437500000000002 0.8078125
0 0.46875 0.6328125 0.41875 0.6328125 0.41875 0.6734375 0.46875 0.6734375
0 0.4734375 0.5859375 0.4328125 0.5859375 0.4328125 0.6109375 0.4734375 0.6109375
0 0.5171875 0.565625 0.4734375 0.565625 0.4734375 0.584375 0.5171875 0.584375
0 0.515625 0.5515625 0.4890625 0.5515625 0.4890625 0.565625 0.515625 0.565625
0 0.5328125 0.6234375 0.5078125 0.6234375 0.5078125 0.6484375 0.5328125 0.6484375
0 0.5265625 0.5890625 0.490625 0.5890625 0.490625 0.603125 0.5265625 0.603125
0 0.5375 0.6515625 0.4875 0.6515625 0.4875 0.7 0.5375 0.7
0 0.759375 0.6187500000000001 0.728125 0.6187500000000001 0.728125 0.6312500000000002 0.759375 0.6312500000000002
0 0.6453125 0.5578125 0.6265625 0.5578125 0.6265625 0.565625 0.6453125 0.565625
0 0.571875 0.5328125 0.5484375 0.5328125 0.5484375 0.540625 0.571875 0.540625
0 0.5203125000000001 0.7140625 0.4484375 0.7140625 0.4484375000000001 0.753125 0.5203125000000002 0.753125
0 0.4765625000000001 0.6765625 0.4453125 0.6765625 0.4453125000000001 0.728125 0.47656250000000017 0.728125