0 0.54375 0.6875 0.4984375 0.6875 0.4984375 0.7234375 0.54375 0.7234375
0 0.5453125 0.653125 0.5015625 0.653125 0.5015625 0.6828125 0.5453125 0.6828125
0 0.54375 0.603125 0.4984375 0.603125 0.4984375 0.6265625 0.54375 0.6265625
0 0.5375 0.5828125 0.5078125 0.5828125 0.5078125 0.596875 0.5375 0.596875
0 0.5390625 0.5640625 0.5046875 0.5640625 0.5046875 0.5828125 0.5390625 0.5828125
0 0.5390625 0.5390625 0.5078125 0.5390625 0.5078125 0.5625 0.5390625 0.5625
0 0.53125 0.5265625 0.5125 0.5265625 0.5125 0.5359375 0.53125 0.5359375
0 0.528125 0.5046875 0.5171875 0.5046875 0.5171875 0.51875 0.528125 0.51875
0 0.5296875 0.5203125 0.51875 0.5203125 0.51875 0.5265625 0.5296875 0.5265625
0 0.478125 0.5296875 0.4609375 0.5296875 0.4609375 0.5375 0.478125 0.5375
0 0.440625 0.5296875 0.4203125 0.5296875 0.4203125 0.5421875 0.440625 0.5421875
0 0.5046875 0.5046875 0.4828125 0.5046875 0.4828125 0.5125 0.5046875 0.5125