0 0.4875000000000001 0.7125 0.22812500000000008 0.7125 0.22812500000000008 0.9171875 0.48750000000000016 0.9171875
0 0.4484375 0.45 0.2390625000000001 0.45 0.2390625000000001 0.5421875 0.4484375 0.5421875
0 0.33281250000000007 0.3671875 0.15312500000000004 0.3671875 0.15312500000000004 0.41875 0.33281250000000007 0.41875
0 0.2921875 0.296875 0.16875000000000004 0.296875 0.16875000000000004 0.3375 0.2921875 0.3375
0 0.3625 0.271875 0.2546875 0.271875 0.2546875 0.3046875 0.3625 0.3046875
0 0.4015625 0.24687500000000004 0.3046875 0.246875 0.3046875 0.27343750000000006 0.4015625 0.2734375000000001
0 0.321875 0.2078125 0.2546875 0.2078125 0.2546875 0.234375 0.321875 0.234375
0 0.6203125 0.3890625000000001 0.496875 0.3890625000000001 0.496875 0.4375 0.6203125 0.4375
0 0.5984375 0.3500000000000001 0.5109375 0.3500000000000001 0.5109375 0.3906250000000001 0.5984375 0.3906250000000001
0 0.4984375 0.3046875000000001 0.4234375 0.3046875000000001 0.4234375 0.3343750000000001 0.4984375 0.3343750000000001
0 0.6578125 0.3140625000000001 0.565625 0.3140625000000001 0.565625 0.3468750000000001 0.6578125 0.3468750000000001
0 0.69375 0.35625000000000007 0.63125 0.35625000000000007 0.63125 0.3859375000000001 0.69375 0.3859375000000001
0 0.984375 0.7062500000000002 0.8609375 0.7062500000000002 0.8609375 0.8078125 0.984375 0.8078125