0 0.5296875 0.2531250000000001 0.4453125 0.2531250000000001 0.4453125 0.33281250000000007 0.5296875 0.33281250000000007
0 0.4359375 0.19062500000000004 0.3859375 0.19062500000000004 0.3859375 0.24375000000000008 0.4359375 0.24375000000000008
0 0.4578125 0.3734375000000001 0.3843750000000001 0.3734375000000001 0.3843750000000001 0.4734375 0.4578125 0.4734375
0 0.5765625 0.5375 0.4765625 0.5375 0.4765625 0.590625 0.5765625 0.590625
0 0.5390625 0.503125 0.4671875 0.503125 0.4671875 0.5328125 0.5390625 0.5328125
0 0.2890625000000001 0.5671875 0.23437500000000008 0.5671875 0.23437500000000008 0.68125 0.2890625000000001 0.68125
0 0.2671875000000001 0.7109375 0.18125000000000008 0.7109375 0.18125000000000008 0.8609375 0.2671875000000001 0.8609375
0 0.3218750000000001 0.3875 0.27812500000000007 0.3875 0.27812500000000007 0.4578125 0.3218750000000001 0.4578125
0 0.3625 0.25 0.3046875 0.25 0.3046875 0.3296875 0.3625 0.3296875
0 0.5453125 0.3671875000000001 0.5046875 0.3671875000000001 0.5046875 0.3968750000000001 0.5453125 0.3968750000000001
0 0.5546875 0.40625 0.5140625 0.40625 0.5140625 0.4265625 0.5546875 0.4265625
0 0.5234375 0.3375000000000001 0.49375 0.3375000000000001 0.49375 0.3609375000000001 0.5234375 0.3609375000000001
0 0.4921875 0.15625000000000006 0.45625 0.15625000000000006 0.45625 0.17968750000000006 0.4921875 0.17968750000000006